27.060389309017445;26.091723770782714;23.028884217423354;23.819002702776487
27.225281676488898;26.022494442690714;22.942037968943108;23.810185911877277
27.234485430456324;26.001993468664907;22.9090798648246;23.854441236054168
27.22591427432049;26.002278784565842;22.937892956230876;23.83391398488279
27.22383650234636;25.99864892860038;22.924503931617775;23.85301063743549
27.231428009292202;25.98736302580952;22.915890859867414;23.86531810503087
27.255121364526712;25.982511277560988;22.905230005671392;23.857137352240905
27.2782033214049;25.983712923680507;22.88562874557335;23.85245500934125
27.283055086412176;25.975703262467782;22.90165989507911;23.839581756040936
27.27899220194288;25.97388541090512;22.910977000743937;23.836145386408063
27.28603456635864;25.97832614941015;22.902652716590964;23.83298656764024
27.28703236498808;25.98593631573742;22.89603944862609;23.830991870648415
27.29094851223247;25.986248802554595;22.894653761529444;23.82814892368349
27.28744633771754;25.994102370848598;22.891370572672855;23.827080718761007
27.280686724693304;25.994015391092358;22.900572270577754;23.824725613636584
27.276155385397683;25.9922776088939;22.907176827673553;23.82439017803487
27.272119807945018;25.991302318461834;22.903528771368038;23.833049102225107
27.273829024421133;25.993662612875113;22.90111726383793;23.83139109886583
27.279296381691044;25.990937885702635;22.89844158245271;23.831324150153613
27.27684339007897;25.987236583551006;22.895839932441795;23.840080093928226
27.274251249330554;25.98650904817393;22.900448289715662;23.838791412779855
27.278354947746415;25.989242667290398;22.897085882734952;23.83531650222824
27.276763930429958;25.994389928011447;22.895046385830835;23.83379975572776
27.275473561335478;25.99796136834952;22.894782300037694;23.831782770277314
27.27167978915233;26.003603311296438;22.89477027503143;23.829946624519803
27.275037872070655;26.001411273333996;22.893876803817502;23.82967405077784
27.273838572045328;25.99835409023298;22.898215067582093;23.829592270139603
27.277974119014303;25.99667317972152;22.896574021092572;23.828778680171606
27.275909923174495;25.99821443132831;22.893838681325224;23.83203696417197
27.275042183511843;26.00121723646116;22.892480141382475;23.831260438644524
27.20287534120368;25.99859348935582;22.89205793245604;23.906473236984464
27.133305878966407;26.00345749586165;22.889749094940786;23.973487530231157
27.066685669994307;26.00617275724212;22.88856788847867;24.038573684284902
27.010507063382917;26.005309166146017;22.88698658978423;24.097197180686834
26.953602970386026;26.004028698278418;22.890144527815632;24.15222380351992
26.901159654948408;26.00235084276582;22.89008354241149;24.206405959874285
26.85033839300644;26.00454726690925;22.889172069579168;24.255942270505138
26.803509122449594;26.003939049013525;22.88910164841642;24.303450180120468
26.760925596011585;26.00279107216946;22.888030139562137;24.348253192256816
26.72130290091697;26.002403784842958;22.886682041328243;24.389611272911825
26.683493478704296;26.001045152698786;22.88615444532024;24.42930692327668
26.643278693657006;26.000492399742647;22.88495175577587;24.47127715082448
26.605124969234655;26.001675162581417;22.883559510221254;24.509640357962674
26.568873036335876;26.000342019191873;22.882885099470666;24.547899845001584
26.535479729676233;26.00185215283064;22.881961874685977;24.580706242807153
26.502175134095886;26.00087995245991;22.881395544616364;24.61554936882784
26.469580771302482;26.005039532413598;22.88017710153364;24.645202594750288
26.43987106367837;26.006545274671506;22.880229714905838;24.673353946744285
26.41036718048508;26.00581054454361;22.882746009114282;24.70107626585703
26.381414833490318;26.005602881515777;22.885872802176927;24.727109482816974
26.354112551868624;26.004537807926063;22.885286526850273;24.75606311335504
26.33107570440255;26.003536097930425;22.884462890108;24.780925307559027
26.306182893452007;26.002649702181873;22.88372532070511;24.80744208366101
26.282269321634793;26.00274167883276;22.882611432836118;24.83237756669633
26.258301312776005;26.001933857372812;22.882465071407047;24.85729975844413
26.238342153709215;26.00115810995456;22.881787023927025;24.878712712409197
26.215970455431155;26.001223826758284;22.880775981619028;24.902029736191537
26.195268229574804;26.0001524737779;22.88017566551951;24.924403631127788
26.176511136179283;25.999774186758177;22.88063128836703;24.94308338869551
26.155445473411998;25.99977811265154;22.880269965697195;24.964506448239266
26.13752872738192;25.981256769071333;22.899125462269883;24.98208904127687
26.121726326694212;25.96376116901393;22.915340441772393;24.999172062519463
26.10414512411211;25.948945605026857;22.930995103901356;25.015914166959675
26.086841819844892;25.93446762283056;22.947860002445257;25.03083055487929
26.070009460824146;25.920204203956366;22.96326028495665;25.046526050262845
26.055190942008295;25.905259135933594;22.976992854818157;25.062557067239954
26.041065087690413;25.889636684767893;22.991592187166713;25.077706040374988
26.025522974119163;25.877856258100966;23.00557252841882;25.091048239361047
26.012656929533772;25.86291901596684;23.01944816339408;25.1049758911053
25.997956530167954;25.85111394649484;23.032167745977052;25.118761777360156
25.985420346916367;25.83846447271114;23.044715585806745;25.13139959456574
25.971197322891044;25.825243362439387;23.059161053576887;25.144398261092682
25.958175572092884;25.812462917048922;23.07270394665037;25.156657564207823
25.945648144102197;25.8002386627319;23.085736640815792;25.168376552350114
25.932651577556033;25.78867332244446;23.096485090451477;25.182190009548034
25.920817774650462;25.776655932536265;23.108996835983973;25.1935294568293
25.91071656801489;25.764621505875063;23.1196470973855;25.205014828724547
25.89912865199768;25.754444074229397;23.129512816912225;25.216914456860696
25.88932357590452;25.745234144328787;23.138693218967834;25.226749060798852
25.87739740107778;25.73535259698798;23.14931281254338;25.237937189390863
25.867666902751136;25.725256167990484;23.158867088873617;25.24820984038476
25.85761976698408;25.715676713423147;23.168371160125982;25.258332359466788
25.847758709242274;25.705953643008765;23.177805233603248;25.268482414145716
25.839090019598842;25.697170306445376;23.186205083254727;25.277534590701055
25.82921582009703;25.687440334657058;23.195679015084597;25.28766483016131
25.820235084294364;25.679610811135355;23.20358013171894;25.296573972851345
25.811331433020516;25.670343990515153;23.21254778952327;25.30577678694106
25.80299230998802;25.662302121452583;23.220351191887474;25.314354376671915
25.793897607644368;25.65450157293796;23.228793235218454;25.322807584199218
25.7858067596922;25.646544214929932;23.23648565043546;25.331163374942406
25.777846404410237;25.638305841606318;23.24408827117169;25.339759482811747
25.7701655186594;25.630888753157272;23.251322274566245;25.34762345361708
25.761379759423015;25.624411585910117;23.25834015164208;25.35586850302479
25.75460673256354;25.617785187947607;23.26477956056555;25.36282851892331
25.746347125583256;25.61025312628767;23.272208977878464;25.371190770250607
25.738218479682367;25.60467165299915;23.27870619542783;25.37840367189065
25.72610765100564;25.60671383610836;23.278159889513706;25.389018623372294
25.715253989224962;25.608688781211246;23.277256433222092;25.398800796341696
25.70449754705012;25.61069459826259;23.276349966690983;25.4084578879963
25.69340347763984;25.612951534191776;23.2756579603818;25.41798702778658
25.681591817151755;25.61474062572585;23.27526926564388;25.428398291478516
25.67060068265368;25.616358524525474;23.27536221221309;25.437678580607752
25.659850312628674;25.618914671907657;23.27423478746919;25.447000227994476
25.649717462096284;25.620757769703808;23.273610881871036;25.45591388632888
25.638855041620072;25.622700338325995;23.272878800870657;25.465565819183272
25.629459129022543;25.624442115577168;23.272159068112757;25.473939687287526
25.619167708267593;25.62844251208784;23.270765555491842;25.48162422415273
25.60938843162196;25.629829483301386;23.270623216493536;25.49015886858312
25.600488607401633;25.6313324962268;23.27012091401808;25.49805798235349
25.590626950645735;25.63360772121877;23.26970262743448;25.506062700701015
25.581602213195982;25.635167716102252;23.269356466003615;25.513873604698144
25.572901392470275;25.636913399764367;23.268720531231814;25.52146467653354
25.564374584723915;25.638604030098012;23.268229270622612;25.52879211455546
25.556346612734863;25.64057389417391;23.26743438804357;25.53564510504766
25.548019269992388;25.641877056611413;23.26733394392147;25.542769729474724
25.540037897175715;25.643299277172538;23.266723470939734;25.54993935471201
25.532899281396666;25.644724936088753;23.266118831278867;25.556256951235717
25.52446435671226;25.646641432812956;23.265273118260986;25.563621092213793
25.51775221606185;25.647881221973417;23.26485276195831;25.569513800006423
25.510162190196407;25.649486070063947;23.264172910358717;25.57617882938093
25.503257597817118;25.651210350801882;23.263401033029314;25.582131018351678
25.495969255552904;25.652399832778972;23.26316260647854;25.588468305189586
25.488822632046237;25.65375651649523;23.26262796605305;25.594792885405486
25.481783991380276;25.65510720212837;23.26219063371451;25.600918172776847
25.475777476206936;25.655871075581643;23.260989689174014;25.607361759037406
25.469563190877327;25.65695527331615;23.260770223153738;25.612711312652785
25.46238853903615;25.65842396475325;23.260190162306994;25.618997333903597
25.456625801696475;25.66007164970008;23.259275728500974;25.62402682010247
25.449946771417746;25.661619047760226;23.259148369187105;25.629285811634922
25.443871550306074;25.662749137112602;23.25853091703803;25.63484839554329
25.438076479340673;25.66391187010288;23.258043115626208;25.63996853493024
25.431925357069503;25.6654808999491;23.257618197434006;25.644975545547393
25.425909869776973;25.666609838204824;23.25713277203722;25.650347519980986
25.420168008903055;25.667677238408075;23.256728706463452;25.65542604622541
25.414536437642703;25.6690338688275;23.256420990754155;25.660008702775638
25.40915697689659;25.66995923168965;23.256055807825994;25.664827983587767
25.403069561524394;25.67062476181572;23.256815147659236;25.669490529000655
25.397683304045326;25.671701964839873;23.25634226710173;25.67427246401307
25.392159850708175;25.673375892646995;23.255715048530167;25.678749208114667
25.387056386756708;25.674297245980338;23.255309608050617;25.683336759212338
25.38199331204169;25.6752773118434;23.254887314854173;25.687842061260746
25.376677294461665;25.6764562963051;23.25391976037638;25.692946648856857
25.37164498243005;25.67723790093954;23.253678986629616;25.697438130000794
25.366724594715485;25.67813758114987;23.25332630780505;25.7018115163296
25.361898236107187;25.67915443372805;23.252965337929346;25.70598199223541
25.356656721839464;25.679949963008468;23.253721953527652;25.70967136162441
25.3513419095932;25.68081614661038;23.254227465697035;25.713614478099384
25.346882668788002;25.68164521196473;23.2539019299213;25.71757018932596
25.34208185472819;25.682199301561155;23.253921021171237;25.721797822539422
25.337472004556556;25.682755212182386;23.25409552556806;25.725677257693004
25.33316613901783;25.683501588536124;23.2537559972928;25.72957627515325
25.328263197567253;25.684285545856124;23.253510586883912;25.73394066969271
25.32355845333431;25.685808544038398;23.253152760596066;25.737480242031225
25.318574627610978;25.688138752688477;23.252591208059663;25.74069541164088
25.31427792779486;25.68987239070828;23.252422579396946;25.743427102099915
25.310192315770724;25.691860856575023;23.25214363461348;25.74580319304078
25.305796757501476;25.692568984565067;23.252245941724716;25.749388316208737
25.301865553886415;25.693289875566244;23.251832843686376;25.753011726860965
25.297820560586604;25.693977810044196;23.251553021234447;25.756648608134753
25.29370651999954;25.69443636178776;23.251515081158487;25.76034203705422
25.28981044973791;25.695054499091952;23.251258296999204;25.763876754170926
25.286449035113655;25.69561389368349;23.250914617142914;25.76702245405994
25.282110115891694;25.69656548703407;23.25042165741506;25.770902739659174
25.278439958064542;25.69709292053451;23.250472486210317;25.773994635190633
25.274749649622464;25.697749584236973;23.25022260212527;25.777278164015293
25.27074521642315;25.698330923239805;23.250185941558613;25.780737918778435
25.267034328197298;25.69835346531466;23.250608170799232;25.784004035688817
25.263269008314015;25.699047913365764;23.250215933571727;25.787467144748494
25.26002957653013;25.6996611305112;23.24985848456242;25.790450808396248
25.256675374749154;25.700282065730434;23.249587754508806;25.793454805011613
25.25323092301833;25.70068834447111;23.24962639378145;25.796454338729113
25.249979853115978;25.701302592809938;23.249209043747385;25.799508510326703
25.246446994469895;25.7018545628697;23.24903411371561;25.8026643289448
25.24278438214056;25.702013238203413;23.24969018332608;25.80551219632995
25.23996688413468;25.702567754844292;23.24951150359562;25.80795385742541
25.236350055682827;25.703277989720714;23.24906287500127;25.81130907959519
25.233269913354317;25.703622510033913;23.249145655907107;25.81396192070467
25.22969453606582;25.704319119409003;23.249209806899813;25.816776537625362
25.22663041541823;25.704913041338134;23.248944018246924;25.819512524996707
25.22364970912979;25.705455016182928;23.24867773889755;25.822217535789726
25.220643781223;25.70596842822241;23.248536315048483;25.82485147550611
25.2176956397842;25.706451225632286;23.24855765038413;25.827295484199386
25.214596905496915;25.706753784338197;23.249291288914506;25.829358021250382
25.21141784352133;25.707313674951298;23.249143807058115;25.83212467446926
25.208742004743268;25.70762985955652;23.249273903743966;25.834354231956247
25.20559422468566;25.708064992818468;23.249215537381378;25.83712524511449
25.203346261795534;25.708014578598416;23.248734798597535;25.83990436100852
25.20036721154838;25.708675331752985;23.249104528310056;25.84185292838858
25.197285389009327;25.709307373897488;23.249115820080206;25.844291417012975
25.194553056358465;25.709799091514977;23.248853674511555;25.846794177615003
25.191856637750405;25.71032096427917;23.248575448464504;25.849246949505922
25.188892717766446;25.71058070792477;23.248652174743288;25.851874399565496
25.186428914936442;25.711066237732638;23.248385682708296;25.854119164622624
25.180888636030197;25.70891771185809;23.24868436335123;25.86150928876048
25.176629094923868;25.70506770471011;23.251091604119477;25.86721159624654
25.173290037698955;25.699293312378586;23.25683895449139;25.870577695431074
25.17002086635009;25.69356316066352;23.262479947516432;25.873936025469963
25.166832482524885;25.687931517343245;23.267889584382225;25.877346415749642
25.16368102986534;25.682213254332737;23.27365126709141;25.880454448710516
25.16059897291446;25.67673714699768;23.279019611975425;25.883644268112434
25.15751902501532;25.671600180992755;23.283993370195574;25.886887423796352
25.154464788668047;25.66642039744908;23.28932624373468;25.8897885701482
25.1511331398138;25.66073627673528;23.29518148119922;25.892949102251695
25.14842485591918;25.655710383007158;23.300085415725214;25.895779345348448
25.14540683733064;25.65026575523251;23.305344822754577;25.898982584682273
25.142437856897732;25.644912947356563;23.310551728061345;25.902097467684364
25.139676644126872;25.6396803904143;23.315651173281875;25.90499179217695
25.1363081334737;25.63460522631636;23.3205990357021;25.908487604507847
25.133189475579083;25.629912824536373;23.325373720209143;25.911523979675405
25.13014482224034;25.62454158779189;23.330755897045663;25.91455769292211
25.127419763555555;25.619607108628152;23.33921659021656;25.913756537599735
25.125034539347485;25.614662204991333;23.347614724455433;25.912688531205745
25.122163794095698;25.609605096497734;23.356384527409194;25.911846581997374
25.119304481132477;25.60483470209774;23.364972699971208;25.910888116798574
25.116607122386174;25.60013149491871;23.373151638682955;25.91010974401216
25.113680343071593;25.594996290070384;23.38211235203141;25.909211014826617
25.107276815494018;25.592037082239344;23.39324320034478;25.90744290192186
25.094661072955365;25.59093491591453;23.407979477441724;25.906424533688376
25.082297024753142;25.58950790813596;23.42236466673976;25.905830400371137
25.068851984048422;25.58749570317752;23.439078280979455;25.904574031794596
25.05697359109777;25.58587854646216;23.453751104759633;25.903396757680436
25.041978252908116;25.585086919945336;23.469441589730074;25.903493237416477
25.027895117891685;25.587218343568757;23.47893799966719;25.905948538872366
25.013900159483466;25.58927681122022;23.48849196502502;25.908331064271295
25.001276251866134;25.59208446265159;23.497161893554512;25.90947739192776
24.98959137277442;25.594764589150554;23.50483732236634;25.910806715708684
24.9773084959691;25.59904066302085;23.51057623905079;25.913074601959256
24.965632876972617;25.604838651743115;23.51273094477341;25.91679752651086
24.9525122986158;25.612109071518052;23.514735847988234;25.920642781877916
24.94015050723877;25.61870102830316;23.51646881639641;25.924679648061666
24.92972298170258;25.622941024086725;23.520917886292477;25.92641810791822
24.919253340302873;25.626772435999523;23.526213510052134;25.92776071364547
24.908665993288725;25.63085305681255;23.530688464737295;25.92979248516143
24.897802662029417;25.634979872976558;23.534799182819626;25.932418282174403
24.886142639779344;25.639393807484765;23.539327280335336;25.935136272400555
24.874602387005734;25.6436467876821;23.54340588681427;25.9383449384979
24.863716665608983;25.647676639680085;23.54773564768008;25.94087104703085
24.852605746483217;25.651898978910125;23.551938871421672;25.943556403184985
24.84174700632394;25.655976327480456;23.556264731955242;25.94601193424036
24.83191034693552;25.65971740417796;23.5599874210995;25.94838482778702
24.819307533005947;25.66511326474947;23.563947028000946;25.951632174243638
24.80582672949748;25.675959477591448;23.567346664103876;25.950867128807197
24.79385560238675;25.686156380131408;23.570125520399436;25.94986249708241
24.781910865697768;25.696409653090154;23.572679292339522;25.949000188872557
24.770130575870176;25.706425320770975;23.57534468269597;25.948099420662878
24.75823520160022;25.716322158930215;23.578328428403402;25.947114211066165
24.74651841289144;25.726330092801103;23.580786161889325;25.946365332418132
24.73570730815756;25.735648416390113;23.582920936898464;25.94572333855386
24.72304568470016;25.746077729626997;23.586230799349426;25.944645786323417
24.711625705236532;25.75589312891249;23.588688180337634;25.943792985513348
24.70012235231803;25.76564809453419;23.59110338693701;25.943126166210774
24.69018086704103;25.77388853396243;23.593592131979324;25.94233846701722
24.678031059067525;25.780636942058948;23.599041560804164;25.942290438069364
24.6656702485577;25.786099680414807;23.60390890024493;25.94432117078256
24.65362817006537;25.791974126041573;23.608055867109872;25.946341836783184
24.641946720423952;25.79764330165902;23.612044444959032;25.948365532958
24.630214855486507;25.803241213045403;23.616118758739667;25.950425172728426
24.619163646236764;25.808537450633644;23.61985379234935;25.952445110780243
24.60764646232521;25.813938091146742;23.623898791653065;25.954516654874983
24.59561341420696;25.819402872515845;23.62821808236381;25.95676563091339
24.584109674214947;25.82494271974544;23.632034423776;25.958913182263615
24.57373347771873;25.829943135326545;23.635511217156186;25.96081216979854
24.56197821528083;25.835680212764867;23.639490776023848;25.962850795930457
24.5506365006681;25.840724781217645;23.643464178078872;25.96517454003538
24.539630305402017;25.84584405357188;23.64720777787478;25.967317863151322
24.529296675748448;25.85071140715233;23.65089423919163;25.969097677907595
24.51774300994593;25.856242924553978;23.65505022981941;25.970963835680678
24.50809807513069;25.860865272848333;23.65838156361712;25.97265508840386
24.496057861693547;25.866127175562692;23.662693318791085;25.975121643952676
24.48544987325045;25.871644579916346;23.666116224685517;25.97678932214768
24.480935517507895;25.87028767198158;23.66990276920119;25.978874041309336
24.476663828485304;25.869270419212402;23.673238113832735;25.980827638469563
24.472239950233867;25.868186072847326;23.676801248181444;25.982772728737363
24.467973331505185;25.86723388168287;23.680244476673337;25.984548310138607
24.463598648657708;25.86607925443128;23.68389730867274;25.98642478823827
24.459346362364872;25.865076935682268;23.687198564611982;25.988378137340877
24.455199313218447;25.86382314330946;23.690722883777106;25.99025465969499
24.450975140272156;25.86258235793465;23.694195647411465;25.99224685438173
24.446945719732497;25.861516294324787;23.697533329679917;25.994004656262792
24.44293756637355;25.860303747184922;23.70097646901893;25.995782217422597
24.4391250531872;25.859145327787797;23.704358873382553;25.99737074564245
24.43516558814462;25.85801512715153;23.707822868303715;25.998996416400132
24.430751874991884;25.856866558558433;23.711274537513294;26.001107028936392
24.426780663128707;25.855930883025064;23.71445789115228;26.002830562693944
