24.744669524147533;23.832072947664418;25.344604002293263;26.078653525894786
25.10746758573083;24.99327106971882;25.409150919076;24.490110425474345
24.95959299723537;25.132901015396502;25.402523609260463;24.504982378107666
25.019405942372774;24.949005599840113;25.029810671359527;25.001777786427592
24.90425991735964;24.95375267194491;25.0047943801014;25.137193030594045
24.916428064508235;25.11642091114964;25.048087511930106;24.919063512412016
25.083264179601407;24.98870585493881;24.983999157423987;24.944030808035798
24.882038994117735;24.93969494436522;25.13346317814868;25.044802883368362
25.033178158386267;24.896977259682316;25.158161113454234;24.911683468477182
25.075193943375584;24.983189878781225;24.986451936732912;24.95516424111028
24.895523763448292;24.980686678799888;25.102172460663024;25.021617097088793
24.98167863879622;24.979541297597954;24.965775371236244;25.073004692369583
25.07129894637408;25.02696087472578;24.962840645498673;24.938899533401468
24.922446713018605;25.14190844224011;24.987942917129423;24.94770192761186
24.933845060371524;24.98813613065359;25.104054902336912;24.97396390663797
24.91127291829901;25.01429404153018;25.11839255840495;24.956040481765857
24.913460924829288;25.153290978883657;24.9616910091054;24.971557087181655
24.97847283872488;24.98202982234349;25.00674344811028;25.03275389082135
25.068555382844764;24.99531268673872;24.97415124909132;24.961980681325198
24.936437457468568;25.03039220532383;24.960595126023126;25.07257521118448
25.07095938168421;25.00152007407892;24.96414755213854;24.963372992098325
25.0653213700457;24.954039273814978;24.953188662909927;25.027450693229397
24.927880229045442;25.15531818142322;24.989247202824547;24.92755438670679
24.951540692490358;25.147405272988372;25.0016237575439;24.899430276977373
24.931364283428003;25.087511719560414;24.96858723226402;25.012536764747562
25.058904605269138;24.997954385524686;25.00068187149177;24.942459137714405
24.952269163403606;25.007767150547;25.128740291061817;24.911223394987577
25.089585174082057;24.971429593130587;24.98431793834156;24.95466729444579
24.91008880993352;25.143042639984937;24.954101929928886;24.992766620152658
24.9476052185316;24.98343783249806;24.98574839217243;25.083208556797914
24.93319238476731;24.959592392787563;25.046441364319737;25.06077385812539
24.91807602085964;24.98389671078048;24.941707759840785;25.156319508519093
24.94610890798437;24.976822282285518;24.992339492298292;25.08472931743182
25.073188491390074;25.00627970712642;24.962321757241472;24.958210044242033
25.086197819484447;24.978373807024784;24.989014824127427;24.946413549363346
24.969819264001472;24.892500240000327;25.028716641344623;25.108963854653577
24.9464615031471;24.9857000882775;24.98484302516449;25.08299538341091
24.985272407034294;25.03293318528868;25.019808659412178;24.961985748264844
24.92996469692648;24.960570858843116;25.118064292278063;24.99140015195234
25.083773556629573;24.963246037990334;24.97748304671987;24.975497358660224
24.946906436978107;24.978466697350253;24.98660332697745;25.088023538694195
24.91444315869815;25.14393768134432;24.970734971876478;24.970884188081058
24.916089814587806;25.090770171884785;24.957627978291498;25.035512035235918
24.9428315953444;24.98973423572873;24.98233247090995;25.08510169801692
25.000426137100533;24.968669659260776;24.969484878061795;25.061419325576896
24.93924698776046;24.98655642247998;24.97086134935028;25.10333524040928
24.906132199542938;25.00728364952941;24.945773136112223;25.14081101481543
24.967459997816867;24.962943166975943;25.004234528913365;25.065362306293824
25.07966424616485;24.987624338614484;24.982111628651936;24.950599786568727
24.9186846162847;25.091091003615496;24.99692660434956;24.993297775750243
24.9371804837764;25.139562188382136;24.98640747309782;24.936849854743645
25.090135488965547;24.983932208018906;24.978922619295005;24.947009683720545
24.928599582280988;25.115831073267884;24.993110731336422;24.96245861311471
24.958745981313456;24.939306237681542;24.94869349030988;25.153254290695127
24.903509564129845;24.98889105171067;25.035521649226368;25.072077734933117
24.92606675116181;24.98405945182381;25.11947501344664;24.97039878356774
24.90472185873905;24.987895179456043;24.949484764915336;25.157898196889565
24.932018028616497;24.973830031958457;24.98686818353821;25.10728375588684
24.96845229960445;25.02109344855204;25.040717072124213;24.969737179719296
24.9250491426865;25.002027146980836;24.95837651067101;25.11454719966165
25.140825171415532;24.958360126827927;24.939043677794448;24.96177102396209
25.08309203401666;25.006342760534032;24.986921564562568;24.923643640886745
24.91010515986214;25.024394085668256;25.003984028390686;25.061516726078914
24.88061966826344;24.936205958337077;25.11488965385553;25.06828471954396
24.9485235153031;24.985669616746918;24.99874358774528;25.0670632802047
24.953985778145434;25.15601883520784;24.989460873991824;24.900534512654907
24.918385812133703;24.98318285661478;25.15174830234609;24.94668302890543
24.960358186062773;24.946937486607496;24.959568733153638;25.133135594176093
24.963365711757067;24.959774826077812;25.13246378283484;24.94439567933028
24.94524436593589;25.138825077987548;24.962552234664987;24.953378321411577
25.066205804202536;24.949485230443567;24.98367984368177;25.00062912167213
25.061709697486034;25.030660565759277;24.965164609194808;24.94246512755988
25.093433876424577;24.986223590839334;24.988961992115655;24.93138054062043
25.095447165479197;24.978206466921293;24.981345492076233;24.94500087552328
24.90700817132127;24.96119572892785;24.941742838697152;25.190053261053723
24.954345993320963;24.988195497457376;25.13331267855706;24.9241458306646
24.9287808623809;24.997419268376166;25.147916670439667;24.925883198803263
24.93603053755322;25.07602927913757;24.970899137985274;25.017041045323936
24.96494583064509;25.008344258860028;25.01124300883622;25.015466901658666
24.94473711078119;25.117419859906835;25.000703823815428;24.937139205496543
25.008838475741722;24.99309261979848;25.015225945605497;24.982842958854295
24.978698278062815;24.981336607338942;24.97457356609591;25.06539154850234
24.976985135505416;25.014647494662352;25.028660540403365;24.979706829428867
24.979233986356185;25.0132184051863;25.03715279992057;24.97039480853695
24.96403330531577;25.016405403159087;25.038696581590408;24.980864709934735
24.945969255346665;24.97490096001371;24.99435910377755;25.08477068086207
24.960740296117013;24.99478869363582;25.092018574853913;24.952452435393255
24.966884537680194;25.01688772111268;25.027835623075383;24.988392118131745
24.940275048973188;24.974927688948608;25.04081855783268;25.04397870424553
24.98041172107813;25.02025422332427;25.027636692699385;24.971697362898222
25.002455484006248;25.038395676876696;25.01242456514022;24.946724273976837
24.983256349707382;25.014782855424826;25.022587587937807;24.979373206929985
24.913574573188264;25.09955865768517;24.95262721241969;25.03423955670688
24.954871778480157;25.049615431741334;25.039780450433945;24.955732339344554
24.955872148794832;25.035765329676863;24.99733919769554;25.01102332383277
24.914176796736374;25.18500793440343;24.93397998752549;24.966835281334703
24.537424292614585;26.83082402827609;24.297380142886755;24.33437153622257
24.511816756172713;26.826074651068822;24.317650639833246;24.344457952925218
24.50074308750634;26.813587377301566;24.32386156324253;24.36180797194956
24.47250204071607;26.83560318867893;24.292264004046903;24.3996307665581
24.526512534096934;26.80932559169426;24.324955975723537;24.339205898485268
24.51826979024549;26.773275712106255;24.32401809416725;24.384436403481004
24.48096470508921;26.803893441436816;24.261144000607434;24.45399785286654
24.522189431217377;26.855560561036047;24.30062030502104;24.321629702725538
24.51562878754918;26.85021971669909;24.308995642958813;24.32515585279292
24.521133082470687;26.83337067941538;24.293614662891315;24.35188157522262
24.423431089378667;26.98032228467636;24.263200927890104;24.333045698054868
24.511037472389567;26.818692815713487;24.32506646608342;24.345203245813526
24.512594608276984;26.851540333425007;24.300810456538002;24.33505460176001
24.486630843768843;26.85409203336977;24.255332026718463;24.403945096142927
24.510234902540653;26.845659221218504;24.308065646573887;24.33604022966696
24.515390515312934;26.8661454941169;24.29101001171243;24.327453978857736
24.52269522856981;26.83140937679444;24.29459045606127;24.351304938574476
24.54257106006888;26.78214505518134;24.279754187123572;24.395529697626213
24.520879344292872;26.797643925748165;24.30593135016662;24.37554537979234
24.504302621644282;26.8593652195954;24.285725811494142;24.350606347266176
24.511398156375478;26.81642716627358;24.309582144506468;24.362592532844477
24.49395055699911;26.842505749627442;24.281676082814876;24.38186761055857
24.512407889217172;26.81329764800197;24.336845707678037;24.337448755102816
24.515224135870433;26.806489231128953;24.315077526688114;24.3632091063125
24.485836877080448;26.775864434091513;24.330045129597828;24.408253559230207
24.520259275691014;26.822851317573903;24.304082703456746;24.352806703278333
24.524104300494926;26.833823337220775;24.306853170759123;24.33521919152518
24.51506047684984;26.8377580826031;24.311477021463073;24.335704419083992
24.4398944155611;26.678302578386997;24.370405380486325;24.511397625565575
24.527916363453592;26.69633602054783;24.419743050137786;24.356004565860793
24.524609118284634;26.82186681576082;24.306914486655092;24.346609579299454
24.557624584002117;26.770062320033862;24.26302208201668;24.409291013947342
24.46245447579331;26.844912179441373;24.359156285272604;24.333477059492715
24.503651152724963;26.79551718603178;24.36662680134801;24.334204859895245
24.52698427246721;26.821198239531576;24.3077893853695;24.34402810263171
24.488840843470765;26.792922727459324;24.32641388086865;24.39182254820126
24.523991993742055;26.823972751744506;24.317719102542654;24.334316151970782
24.51434098421092;26.806623443679523;24.320759196933665;24.358276375175894
24.489728702897693;26.773439331598965;24.339039570151723;24.39779239535162
24.529642066712885;26.804671207925857;24.32197184937987;24.34371487598139
24.48633716276911;26.93032002934802;24.283071841134188;24.30027096674868
24.514230594300617;26.831880708417437;24.311829537912754;24.34205915936919
24.48595102421763;26.7841224057584;24.29493029206907;24.434996277954905
24.528159735242415;26.806017593169145;24.324396847403168;24.341425824185276
24.526120812299926;26.806061446351748;24.319787943631034;24.348029797717295
24.45197982748251;26.8447735789122;24.23964113735578;24.46360545624951
24.51966297653477;26.802775423599634;24.330685136972523;24.34687646289307
24.52520375111242;26.8322510618378;24.312784750003;24.32976043704678
24.521919482475525;26.820793707622265;24.322436348522448;24.334850461379766
24.497830018940356;26.8907005358421;24.32322255561402;24.288246889603528
24.515404861953034;26.722827884608286;24.433081891563134;24.32868536187554
24.526858495596944;26.80255803257781;24.321977466966505;24.348606004858738
24.499080597781976;26.812967462135294;24.358810913087435;24.32914102699529
24.506281847463907;26.864292149686893;24.311834328246192;24.31759167460301
24.507132933837365;26.815180567499354;24.337760888290216;24.33992561037307
24.569504769984626;26.830701343366965;24.244167012317728;24.355626874330685
24.47363077290744;26.958512846114203;24.185420666530312;24.38243571444804
24.580370646641754;26.916542370114577;24.169693406611277;24.333393576632393
24.57977443533195;26.903686578411907;24.2130605775126;24.303478408743544
24.505167127347235;27.0500517286918;24.260356265052735;24.18442487890823
24.506425636271423;26.92215753654221;24.291889950307404;24.279526876878965
24.51208666828361;26.846920948936155;24.318404707420726;24.322587675359504
24.500892764614242;26.845423455840006;24.318772181080867;24.33491159846489
24.47009828123764;26.87390378094986;24.305614278193456;24.35038365961904
24.510716946040777;26.808273415432975;24.335349979483052;24.345659659043193
24.475691874827234;26.677877610587252;24.309957373452686;24.536473141132824
24.463249463321734;26.696715638859615;24.34177776518671;24.498257132631945
24.449752522833275;26.78702696764589;24.31065027447727;24.452570235043567
24.517586107215344;26.78888874134348;24.32187280065129;24.371652350789887
24.524516081126677;26.81159373090737;24.33113090919039;24.33275927877557
24.484006477098156;26.786428396087807;24.41939574763792;24.310169379176113
24.520673813169985;26.827431087289433;24.313903777437467;24.337991322103115
24.511879197663962;26.82375606278619;24.325020737753793;24.339344001796057
24.523702590730895;26.82927253517721;24.315911160031405;24.331113714060486
24.539928187750476;26.855401130951133;24.296827461759584;24.307843219538807
24.519761991960838;26.81769059578583;24.32150280601541;24.341044606237922
24.545884668275022;26.80775681246213;24.3156299237452;24.330728595517648
24.467613373595583;26.893481868385972;24.28605919638728;24.352845561631163
24.516764037598104;26.822940869191797;24.3213144595032;24.3389806337069
24.517149769209077;26.819003517520816;24.319307775650444;24.34453893761966
24.511661778401646;26.821089500195978;24.32328858256813;24.343960138834248
24.48176491112155;26.899774250050605;24.295670711446537;24.322790127381303
24.524294545424954;26.807104320205717;24.32112796781885;24.347473166550483
24.527706261926067;26.804183205005554;24.320057434051318;24.34805309901706
24.511765089633055;26.824679048080124;24.32820702986853;24.33534883241829
24.522955837937772;26.85575130939763;24.289355823755404;24.331937028909195
24.538015615350226;26.804954919220847;24.340877564592553;24.31615190083637
24.519790828404584;26.8483668768435;24.30556482811604;24.32627746663588
24.493745303709215;26.933563745289174;24.278388123998067;24.294302827003545
24.521869094201687;26.807659692154985;24.325338017666013;24.34513319597732
24.595098817667143;26.72553358550364;24.417268127841034;24.262099468988183
24.487821820865715;26.765666652194675;24.38067121087136;24.365840316068248
24.490203007660703;26.88466902650951;24.280511511880892;24.3446164539489
24.51843989904409;26.827126330889623;24.319665011177456;24.334768758888828
24.51731310665072;26.832819334879805;24.314915457066153;24.334952101403324
24.462557490681604;26.912041981820956;24.270808357128846;24.354592170368594
24.503140482316972;26.83319017479006;24.316593410483677;24.347075932409293
23.98428854310971;27.068534481603653;24.464193366005805;24.48298360928084
24.154511886446354;26.8180533714549;25.06490514561715;23.9625295964816
24.78805315909147;26.287195357198556;25.538650336964285;23.386101146745688
24.810516662931832;26.183664939106276;25.59149474500605;23.414323652955847
24.808687860345408;26.142926519786908;25.586077381672624;23.46230823819506
24.8135235949613;26.244698358845614;25.52337947295277;23.418398573240317
24.809238006705797;26.16257917246127;25.595587026958082;23.43259579387485
24.783813140456203;26.197216304741378;25.555265528826315;23.463705025976104
24.83781191783639;26.191157248790724;25.54792057626207;23.423110257110814
24.78241085495251;26.281087294043935;25.55974088236886;23.376760968634695
24.81259918282279;26.159658101350715;25.56768486573185;23.460057850094646
24.829287250427974;26.134588087937733;25.574327599991737;23.46179706164256
24.81538905114301;26.164595841617032;25.5775818725829;23.442433234657056
24.819137215088062;26.235672511246495;25.544483715962812;23.400706557702623
24.745538035282376;26.089092365172295;25.65984926034882;23.505520339196508
24.757573020983084;26.106084532756014;25.514936137911846;23.621406308349055
24.83459398455685;26.12535423400397;25.520532087480756;23.51951969395842
24.811726231708594;26.152078421538377;25.5843074703134;23.451887876439624
24.878003541016778;26.10007587893095;25.59236152095102;23.42955905910126
24.791376666412525;26.163217055512632;25.585941337877443;23.459464940197392
24.77579661496089;26.21086985561845;25.538372042196357;23.4749614872243
24.804078229389848;26.16433237991704;25.585358903184268;23.44623048750884
24.797362972050433;26.158449033277943;25.556298151089706;23.487889843581915
24.199357866279563;26.790247518956456;25.234397908555543;23.775996706208435
23.193891729205777;27.434817793901484;24.644226657763003;24.727063819129736
23.16926993774919;27.34868062851315;24.654753695496623;24.82729573824104
23.196970817446456;27.293501406165376;24.775997746655325;24.73353002973284
24.862496398423275;25.162913874806126;24.907738332424;25.066851394346596
24.989368677282947;25.185829150263988;24.471526371254814;25.35327580119825
25.21182402989579;25.517564116910997;23.16306703154725;26.107544821645963
25.19840643615716;25.51388836568754;23.150658571921635;26.13704662623367
24.23342627466239;25.97423069647556;23.932456311680003;25.859886717182047
24.102807078931882;26.159584860709185;23.94304475103111;25.794563309327827
24.07411394905413;26.607477222801062;23.196291490140535;26.122117338004276
23.595201144276853;26.950161720425413;22.582940964227948;26.871696171069786
23.476216419236728;26.92446295176314;22.524443433724393;27.074877195275736
23.502606946480505;26.990744035334917;22.42424673716571;27.08240228101887
23.582200577972813;26.433533126404797;22.810071711441722;27.174194584180672
23.439132786492166;26.525513987944215;22.718796875087126;27.31655635047649
23.263983421269987;26.660888464617987;22.624532890376134;27.450595223735892
23.077657629240452;26.91057531653992;24.876415126887043;25.13535192733259
23.031751892937983;27.004162354356602;24.811515211402874;25.152570541302538
23.106061686687042;26.790750591539236;24.780059236656204;25.32312848511752
23.166880977114467;26.807531178934912;24.942559702028085;25.083028141922536
23.11539328759809;26.929260686782246;24.848097010685752;25.107249014933913
23.1633327930356;26.98177855759436;24.798186965889073;25.05670168348097
23.274627871570534;26.836408000721267;24.78967766027307;25.099286467435128
22.936240014064584;26.891097860150936;24.624420225689263;25.548241900095213
23.602248649268795;26.09637785338606;23.943776597842415;26.357596899502727
23.610480939354847;26.063641893766825;24.045383187799086;26.280493979079246
23.56981357949351;26.06621478067786;24.041184131460007;26.322787508368624
23.565094636148366;26.086334566826125;24.049151069031442;26.299419727994067
23.549629061440086;26.156488754913955;23.989711784987374;26.304170398658588
23.56254699021358;26.09028970099047;24.034200314124227;26.312962994671718
23.53081781510815;26.028015936863934;24.10111233651645;26.34005391151146
23.53785139866553;26.095071386726676;24.084548741251048;26.28252847335675
24.220944885041614;26.100323249939272;24.915949914115274;24.76278195090384
24.15102817847463;26.100153094705647;24.94623897081997;24.802579755999755
24.1795004701647;25.959935951230168;25.002648354728695;24.857915223876432
24.06646401611585;25.69542621129025;25.698027556220264;24.54008221637363
24.235301693605514;25.573471233344623;25.48419226860264;24.70703480444722
24.15802127115803;25.551131286466568;25.308060787170778;24.982786655204624
24.17681760843775;25.58169837927253;25.30839317521017;24.933090837079547
24.069543783713325;25.648232705338803;25.33667957614258;24.945543934805293
24.097425226805786;25.559829742322087;25.381841495564185;24.960903535307946
24.133027951320564;25.583992226639673;25.348850983825;24.934128838214757
24.055271844873992;25.59984741424688;25.422896245239684;24.921984495639443
24.104321691359424;25.564377681621096;25.352418193809136;24.97888243321034
24.11846163856578;25.55178854496122;25.350717202357924;24.979032614115074
24.074985395179336;25.57414082218746;25.41484340869864;24.936030373934564
24.039479987518295;25.71330312526095;25.33233274587276;24.914884141347997
24.102113915584187;25.531119090365053;25.42426455920489;24.94250243484587
24.176485863285542;25.550073509743704;25.31589665291491;24.95754397405584
24.091284531677985;25.62732905771179;25.30012741431571;24.981258996294518
24.139719833430295;25.51827400415733;25.320530411411564;25.02147575100081
24.16196557136128;25.42247446561242;25.50991582373241;24.905644139293887
24.227083511543878;25.573673943208302;25.25092675792561;24.94831578732221
24.073794496465755;25.610595509050803;25.36932665813306;24.946283336350387
24.09738182643678;25.606055873769435;25.29726694949147;24.999295350302315
24.123911750285526;25.561337906527903;25.323891837764528;24.990858505422043
24.105762567301028;25.656791123239568;25.278873233046717;24.958573076412684
24.118221984056127;25.610532630261247;25.301808628000593;24.969436757682033
24.11599985765251;25.57042790248011;25.32009649973458;24.993475740132798
24.120294386311482;25.532628311289017;25.409385605964964;24.937691696434538
24.125646837759422;25.651637971657493;25.25296385623401;24.969751334349073
24.145727253538375;25.560964817722414;25.3338962076344;24.959411721104814
24.131880110563355;25.600326730003648;25.318871757752625;24.948921401680366
24.207297361205406;25.58836083719786;25.275098934330753;24.929242867265977
24.153353381574412;25.61867618958118;25.28760611471353;24.94036431413088
24.115405105506756;25.544231198904814;25.367573972433533;24.972789723154893
24.10912536666067;25.58425102318821;25.322533953795524;24.9840896563556
24.159738827921416;25.605644418155656;25.311897914780275;24.92271883914265
24.12608612151638;25.55824985685901;25.315439662707778;25.000224358916835
24.11424788550822;25.563373779430854;25.32383300087977;24.998545334181163
24.11019746713883;25.557165045871695;25.361732745230942;24.97090474175854
24.02720328931646;25.64100392495345;25.31136527916733;25.020427506562765
24.139999598590904;25.50754091585202;25.31813529121858;25.0343241943385
24.087518117804084;25.460486428591643;25.481751107178447;24.970244346425822
24.077488242470295;25.65723758353986;25.303477681282278;24.96179649270757
