24.744669524147533;23.832072947664418;25.344604002293263;26.078653525894786
25.10746758573083;24.99327106971882;25.409150919076;24.490110425474345
24.95402742999689;25.603683336134985;24.822131453533682;24.620157780334438
25.029286472980466;25.392251603925626;24.888861109884346;24.689600813209562
24.91264147471148;25.404430787523047;24.861968920095578;24.820958817669897
24.927017439763503;25.56290882093163;24.90759056275446;24.602483176550404
25.09259016352966;25.438375845078138;24.84386983674811;24.625164154644093
24.890013775259547;25.389647897801204;24.99430044622422;24.72603788071503
25.042899256412888;25.345899409815637;25.01618260238444;24.595018731387032
25.083558898807883;25.435823363380276;24.845676035248193;24.634941702563644
24.9063329593563;25.421338499899022;24.96166159455514;24.710666946189544
24.990671837789236;25.427845669088246;24.827256926205724;24.754225566916794
25.083648567522804;25.455202991530268;24.81624800190949;24.644900439037446
24.932460110292652;25.58665473395388;24.848707984635553;24.632177171117917
24.944403049439952;25.434414923960837;24.962297143601536;24.658884882997675
24.92340351071422;25.444449108984163;24.97418920289497;24.657958177406645
24.923474047194123;25.596601682874105;24.818615336879237;24.661308933052535
24.9876525461691;25.429530218749086;24.864604101540717;24.718213133541095
25.081410486474713;25.42963904545611;24.829156759135333;24.659793708933847
24.947076418084404;25.474342469093227;24.817517705614062;24.76106340720831
25.082964419698307;25.43829108592864;24.82193970793891;24.65680478643415
25.07440949482906;25.401485822994164;24.81164634335766;24.712458338819125
24.938289483688077;25.60046920990989;24.845135386609414;24.616105919792624
24.962306652650547;25.586424388046254;24.86007658807629;24.59119237122691
24.93801584965239;25.53501362876624;24.826234647562334;24.700735874019035
25.06254079834752;25.451695665692657;24.86049010748035;24.625273428479474
24.95649698780155;25.458799052764093;24.986318192622242;24.598385766812118
25.092285285385955;25.42935472936479;24.84621602392899;24.632143961320267
24.91330216160544;25.597896595487217;24.815471121086528;24.673330121820815
24.950266507883118;25.44313185397974;24.846102682048066;24.760498956089076
24.936023870559545;25.4179798543884;24.906764909445744;24.739231365606315
24.921261957014938;25.43811984332028;24.804659647563224;24.835958552101562
24.94861526980818;25.436850467403065;24.85305144323138;24.761482819557372
25.07628113621607;25.46154619611027;24.823973078169523;24.638199589504133
25.089638940264397;25.434167979113948;24.848952293145842;24.627240787475813
24.975323683222438;25.340418268665875;24.888887076800703;24.79537097131098
24.94925665234388;25.441505319527515;24.84588815856891;24.763349869559693
24.988375494041502;25.489091713602175;24.879105138031633;24.64342765432469
24.93413967298172;25.41427670411272;24.979472105864435;24.672111517041127
25.08767874343557;25.419923203124327;24.83789594993704;24.654502103503066
24.951221797404852;25.43238774027477;24.846515091244413;24.769875371075965
24.917679807184044;25.59948162619265;24.833746224387667;24.64909234223564
25.05873942595772;25.4073075869022;24.819724205801354;24.714228781338726
24.94578886408422;25.445758736454653;24.8458841566607;24.762568242800427
25.00358508471361;25.42360508707772;24.832056845547882;24.740752982660787
24.94336734655746;25.439888670405058;24.832904711403287;24.783839271634196
24.9099143403852;25.46391506762758;24.807012524067552;24.81915806791967
24.971459436265054;25.417644523655824;24.866368432047487;24.744527608031632
25.083854088485108;25.44135838222416;24.843382352667295;24.631405176623435
25.073594375205044;25.38811544337695;24.85653262554367;24.68175755587433
24.941543487053604;25.58982759323745;24.84628646391456;24.622342455794385
25.093307743744912;25.439635511639626;24.8389332822729;24.62812346234256
24.931257061672877;25.574796866202043;24.8533968744057;24.640549197719384
24.961952299751573;25.39453931423224;24.80880060491963;24.834707781096558
24.9085204601142;25.439047821221816;24.894308299541972;24.758123419122015
24.930440967971393;25.436104887761967;24.97942541540933;24.65402872885731
24.90920996697839;25.437829001917184;24.80860504479763;24.844355986306798
24.935942899168747;25.429217231406952;24.845725324200675;24.78911454522362
24.973241648259958;25.470174122989913;24.89770697765147;24.65887725109866
24.93100598031518;25.44688049871442;24.8154146535225;24.806698867447896
25.146281346323352;25.399511348316018;24.798516452051278;24.655690853309352
25.086319060393592;25.462167610341897;24.849711097298897;24.60180223196561
24.914773945748163;25.475084412616855;24.8673727303248;24.742768911310183
24.88570560632162;25.39020473932576;24.967027741980523;24.757061912372098
24.952566230652305;25.43939512020318;24.861231187639614;24.7468074615049
24.960200249516497;25.596797407637332;24.846776429002933;24.596225913843234
24.921672818578593;25.43732303179115;25.012617240039187;24.62838690959107
24.963967330379543;25.398051040455083;24.820438136210633;24.817543492954737
24.968598102502032;25.405848895846532;24.99217446215976;24.63337853949167
24.948243779782576;25.595540088321698;24.825492213353737;24.630723918541985
25.069998571533247;25.402246615532988;24.844996554656618;24.68275825827715
25.066507530532018;25.4763963328326;24.824477952030723;24.632618184604663
25.096228040856733;25.444228249424285;24.850973609077638;24.608570100641344
25.098424824612824;25.434147079401697;24.843787228409887;24.623640867575592
24.91122591656934;25.413085558283782;24.800895049469865;24.87479347567701
24.957781513981907;25.44269364181222;24.994609811818197;24.604915032387677
24.93212269782213;25.453046582519097;25.007968519999537;24.606862199659236
24.938849299430757;25.533109391871218;24.83259632897298;24.695444979725046
24.969252646757013;25.458725664039306;24.87007431542105;24.70194737378263
24.94799363814562;25.57478350327336;24.859905901810496;24.617316956770527
25.011939271997786;25.45133419043566;24.87802631764628;24.658700219920277
24.985461448964948;25.415505285715508;24.831176301623003;24.76785696369654
24.97963336002298;25.47420709866134;24.891105138940024;24.65505440237566
24.982140132756328;25.472408624075825;24.89588807332192;24.649563169845926
24.96642437503434;25.469554506575676;24.897638682458396;24.666382435931585
24.94861319503872;25.434237665103083;24.854467929877305;24.76268120998089
24.962704854217062;25.45939941719832;24.95362772878841;24.624267999796214
24.968874412573687;25.47922922680042;24.88987151838904;24.66202484223685
24.942055238311795;25.43710564235414;24.90297135580027;24.717867763533793
24.98264747741508;25.48214136217302;24.88922545341076;24.645985707001135
25.00450629078193;25.500860425643996;24.874283683695907;24.620349599878164
24.985534437650063;25.47634472059838;24.885457736528764;24.65266310522279
24.915739552106313;25.55749254935255;24.812025955067426;24.714741943473715
24.957095157776717;25.507563873713057;24.89976576496834;24.635575203541883
24.957850749321935;25.49436172782383;24.85757026113357;24.69021726172067
24.916483982214753;25.636820184115923;24.795190257496;24.65150557617332
24.539452044659964;27.248669402233265;24.168740891766273;24.0431376613405
24.513473919923673;27.24627929703145;24.19082609307053;24.049420689974347
24.502783671028464;27.232596716549672;24.196686648346173;24.06793296407569
24.476137620515136;27.243300047310747;24.163509353750882;24.11705297842324
24.531506243512336;27.21308404326542;24.194117032842165;24.061292680380078
24.524630503293988;27.168584340491158;24.191649412767585;24.115135743447265
24.48386168667889;27.225238384653494;24.125701619534517;24.1651983091331
24.524967490114236;27.26693246626684;24.173121824135734;24.034978219483186
24.517441891180898;27.26851490723939;24.182492442815725;24.031550758763988
24.523787781937724;27.24833699767496;24.166461791336232;24.061413429051086
24.42685499568716;27.39054690675643;24.133928086926616;24.048670010629795
24.516876036456463;27.220186584228507;24.183444744060427;24.079492635254606
24.51530567215395;27.26669043744109;24.17339485492179;24.044609035483177
24.489797910641258;27.26484951983277;24.128631191475957;24.11672137805002
24.514117321109236;27.25181136605966;24.178962127127253;24.055109185703852
24.517944582257204;27.279814344096337;24.163986974142244;24.038254099504215
24.526371551155915;27.240392301170406;24.167957308402045;24.065278839271635
24.545168147277202;27.196862684259806;24.153241829424957;24.10472733903804
24.525462912484688;27.201872550739797;24.17595320904458;24.096711327730937
24.507171606576357;27.24423869564735;24.15913849956147;24.089451198214825
24.512296773402852;27.23821505381107;24.185229401215686;24.064258771570387
24.49603268351507;27.260551284471884;24.156970943031872;24.086445088981172
24.51282089937568;26.00071232453355;25.015744633539178;24.470722142551594
24.515947092035344;25.995769238534578;24.99083313306253;24.49745053636755
24.486312549226067;25.963441789265907;25.00791784334616;24.542327818161866
24.52312152012772;25.998537998256083;24.984601996071593;24.493738485544604
24.524516635558026;26.012510628647284;24.996017894368954;24.466954841425736
24.523681146457676;26.01030516264522;24.99651762548045;24.469496065416653
24.441207989459993;25.95334782098376;24.958242090999946;24.647202098556306
24.528906608801368;25.881937744542622;25.097689576415664;24.491466070240346
24.525599889162578;25.999897009473905;24.992061146946636;24.482441954416885
24.557841387455746;25.95830399610435;24.942067130224547;24.54178748621536
24.463650652919526;26.035471801077264;25.033705083680584;24.467172462322623
24.50467461579345;25.98075947809868;25.045612063433687;24.468953842674182
24.528031189633538;26.002488684592716;24.991398880444436;24.47808124532931
24.48900354022685;25.979394915058844;25.008423817390113;24.523177727324192
24.524632113491872;26.00702216080219;25.001570398484485;24.466775327221452
24.515214150652177;25.992415280034724;25.00103639795352;24.49133417135958
24.49082581640867;25.95845437556375;25.020761479725994;24.52995832830159
24.530577824643004;25.992765990848778;24.997968170081876;24.47868801442634
24.48672243444956;26.12516542406049;24.95755900594512;24.430553135544827
24.51530482551661;26.01222627260823;24.99683969127906;24.475629210596104
24.48652907850422;25.96893459655309;24.975604110966835;24.56893221397586
24.528705612324934;25.99732084621079;25.000481614702736;24.47349192676154
24.526761309851477;25.990768806269234;24.995287419595865;24.48718246428342
24.45286783860956;25.996158868435604;24.91456268918872;24.636410603766116
24.520907590384585;25.984647229398355;25.008696606477454;24.485748573739603
24.526066350710902;26.011035589605008;24.998936907154274;24.463961152529816
24.521995395957592;26.00378652139666;25.007535664525587;24.46668241812016
24.49973676147204;26.070128098131264;25.002886313120115;24.42724882727659
24.51610219610319;25.91356141604997;25.1043842561672;24.465952131679643
24.527412191370598;25.99193270506197;24.99796324961672;24.482691853950715
24.500304140382063;26.002496037234597;25.033187228951647;24.464012593431693
24.507442380876498;26.05277090968906;24.984467553206983;24.455319156227457
24.507981885172438;26.003561935679166;25.015877183396395;24.472578995752002
24.57066682979641;26.012482786506975;24.941943849980692;24.474906533715927
24.474889593674668;26.13293621631686;24.85002736104967;24.542146828958803
24.581717473622327;26.023587486242374;24.830865935115234;24.563829105020066
24.580498724273784;26.023458617750556;24.885476751598006;24.510565906377657
24.505759541616833;26.172221481804453;24.92301878414742;24.39900019243129
24.507913040343954;26.089161534536043;24.96479334149921;24.438132083620793
24.512060436103344;26.028833127938128;25.00732884768018;24.451777588278343
24.501285011640533;26.026718184919357;25.005878027863893;24.466118775576216
24.47051683339812;26.06203501019483;24.985713603786067;24.48173455262099
24.51136854358724;25.996439489239098;25.01584819866489;24.47634376850877
24.477078938815566;25.879753248491262;24.92643497600673;24.716732836686443
24.46508056818333;25.902334167604717;24.956508617624458;24.676076646587493
24.45065194177285;25.99178679624421;24.924405569913166;24.63315569206977
24.518383663535733;25.97897132382057;24.98466992414464;24.517975088499057
24.52477117043886;25.99886798327116;25.013726842669865;24.46263400362011
24.485178779346622;25.927184432428334;25.140844480524326;24.44679230770071
24.52206326889167;26.014184885895926;24.995222467133924;24.468529378078475
24.51186235967239;26.012128227266317;25.006423463115834;24.46958594994546
24.52366855054001;26.025351930407776;24.992781539108055;24.458197979944156
24.539629106783753;26.05028820512888;24.971199157579456;24.43888353050791
24.519665369097055;26.01569903314606;24.995868219592435;24.46876737816445
24.546067173695665;26.00080632644116;24.98954671633481;24.46357978352836
24.47845046265504;26.06302527294811;24.95759732213658;24.50092694226027
24.517328968593986;26.012660788529264;24.996865447375768;24.473144795500986
24.5171455337075;26.010649097456636;24.996408348778424;24.475797020057442
24.51393260962127;26.004286956806546;24.99408632868367;24.48769410488851
24.482396806356075;26.092010741419546;24.972169464217814;24.453422988006565
24.524881262697633;25.99709497085477;24.998881116225576;24.479142650222013
24.528800289641403;25.99589995280274;24.99383412808388;24.481465629471973
24.511917179567646;26.017281266587883;24.996309035686647;24.474492518157827
24.523232568414507;26.047558787111836;24.96348817166764;24.46572047280602
24.53911477564686;25.92771071832224;25.01463289504461;24.51854161098629
24.520263015547307;26.029466312653206;24.98885430748043;24.461416364319064
24.494306497205933;26.069012375284313;24.961413529245057;24.4752675982647
24.524144767581358;25.987416181540368;25.00129437169304;24.487144679185242
24.596396360891198;25.911730751067317;25.0914091999682;24.40046368807328
24.48804728779069;25.94024564283186;25.01266835717022;24.559038712207226
24.49050315650341;26.072806042212314;24.95952887872786;24.477161922556416
24.51863295141071;26.015775109524693;24.996608587227993;24.468983351836606
24.517705089374054;26.020102190957044;24.994922124321544;24.467270595347358
24.46278627416589;26.09172012267494;24.958458423514625;24.487035179644543
24.503580495661183;26.01928701612443;24.996096613201757;24.481035875012623
23.984633264895315;26.22513539674512;25.16992835778904;24.620302980570525
24.154905335628225;26.050727241777157;25.64309356736207;24.151273855232546
24.788429146952886;25.642797808035674;26.032777681101365;23.535995363910075
24.81184217270193;25.534595492953045;26.088013721625348;23.56554861271968
24.80984851240977;25.498346713190607;26.08093154709956;23.610873227300058
24.815354711345798;25.589497930879173;26.017498318092546;23.577649039682484
24.809907186552778;25.088204455290736;26.08423724760404;24.017651110552446
24.784546905436393;25.116877857218938;26.048153887670118;24.050421349674554
24.841904812395708;25.092060972945422;26.05245369802291;24.01358051663596
24.782855905953515;25.20071918977586;26.052946879344407;23.96347802492622
24.86310524269204;25.036452146862526;26.05294751358323;24.047495096862203
24.829512175544643;25.055133867015922;26.062762407404904;24.05259155003453
24.815713789874405;25.084091380226475;26.071544588883498;24.028650241015626
24.81886588308779;25.161171767263312;26.035065340128362;23.984897009520537
24.74596398066925;24.960696313990336;26.205376946062227;24.08796275927819
24.759734485555597;25.032400149370183;25.998384263737623;24.209481101336603
24.83550495694439;25.054527425521368;26.00397053423808;24.105997083296167
24.812616722731946;25.082042489027085;26.06947106797266;24.03586972026831
24.88334253666227;25.016544915757926;26.083723596632847;24.01638895094696
24.7912653294129;25.093432491635287;26.072282755211194;24.043019423740617
24.77663106707277;25.138359651760155;26.025503601354266;24.05950567981281
24.804889261701053;25.085370842327055;26.075077370953775;24.03466252501812
24.799298737620912;25.05906792830828;26.062059279253024;24.079574054817783
24.201468335500902;25.60062080803372;25.781147483290496;24.41676337317488
23.194627395967697;25.64611758960758;25.559974282514673;25.599280731910046
23.169873157058205;25.555135108511223;25.571975929718032;25.703015804712543
23.19927900202135;25.50644534674919;25.681311824829027;25.61296382640044
24.193940917199484;25.580529280867054;24.627590772833436;25.597939029100026
24.252186211260845;25.578671751899527;24.268696937393024;25.9004450994466
24.26931688746;25.754877861448694;23.25147584577348;26.724329405317825
24.242829426255682;25.75579613671203;23.245157824398532;26.75621661263376
23.24319606729672;26.103179634896208;24.0935362687378;26.560088029069277
23.082615285001744;26.270628499295377;24.17397062067251;26.472785595030366
22.860135994396405;26.824529965082995;23.726997005732787;26.588337034787813
23.505234248371462;26.03382236607679;23.205779856853457;27.25516352869829
23.23328546411062;25.966934423939865;23.345915418306575;27.45386469364294
23.259497724303415;26.030894822683532;23.24711588547226;27.4624915675408
23.32075394960897;25.35525342677611;23.731902865466594;27.592089758148326
23.14837738374038;25.403479424556707;23.69432363109178;27.75381956061113
23.97755628874742;25.497847804300942;23.89290421508748;26.631691691864155
23.79057321984218;25.728268081260712;23.676051227492177;26.805107471404927
23.74395371802643;25.82200832192598;23.619084380122835;26.814953579924754
24.160456968374042;25.274180453898943;24.770292035059953;25.79507054266706
24.22653459383251;25.28913234123821;24.932403937716927;25.551929127212347
24.16626392405324;25.408869599103824;24.849994319416;25.574872157426938
24.21049456035662;25.46659316010392;24.790778396642043;25.532133882897423
24.288863626773125;25.315431899061792;24.826379786783765;25.569324687381318
24.438063925133964;25.35254728584822;24.509616294372144;25.699772494645668
25.26770894203434;24.65166468894856;23.51439910231913;26.56622726669798
25.209095237064766;24.621225002086703;24.3969818565153;25.77269790433323
25.164543092151536;24.620306902919285;24.408839171913097;25.806310833016088
25.16829231016416;24.631261731868754;24.415140625673544;25.78530533229355
25.13282055039464;24.706843843876612;24.368946492960667;25.791389112768076
25.1474702131377;24.63817800400881;24.412249629451782;25.802102153401705
25.2632901040316;24.588389465306676;24.333574233786166;25.814746196875554
25.167534954755283;24.65208268725808;24.509696038034985;25.670686319951656
25.157968181115397;24.653199900482598;24.441568450785585;25.747263467616428
25.180753546435238;24.65208470765835;24.398848003068693;25.768313742837723
25.135691966922234;24.74878516844197;24.902292630900853;25.213230233734947
25.054391964761912;24.76490256608008;25.53169576009693;24.649009709061072
25.181912409096284;24.81220872493696;25.127777851652418;24.87810101431434
25.080265389254414;24.830149328469904;25.00791868259671;25.081666599678975
25.06214158639355;24.855125641197386;25.00962394127445;25.07310883113461
25.03100375896276;24.883844680888096;25.035188201796792;25.04996335835235
25.011734404812092;24.800148719358933;25.081967276341473;25.106149599487505
25.040544134251945;24.846106673215733;25.042324297852613;25.07102489467971
24.96867706408204;24.83699288450857;25.066126198049027;25.128203853360358
25.029380501553593;24.79335227877503;25.05733936593524;25.119927853736137
25.04367484125587;24.780089141777893;25.050659622813814;25.12557639415242
24.992199943328114;24.81321634782763;25.121331373345324;25.073252335498935
24.95241450173095;24.963216904185252;25.032645226400046;25.051723367683753
24.999404250607757;24.805538232996305;25.067191366069853;25.127866150326085
25.071231077597954;24.816056332089474;25.031721156781767;25.0809914335308
25.011990004711986;24.865449392378068;24.99973744515229;25.122823157757658
25.034792222149964;24.838191779931066;25.0789734668661;25.04804253105287
24.935102640297846;24.98489231504909;25.074257555813045;25.00574748884002
24.989006614196114;24.843992313333825;25.097351067058515;25.069650005411546
24.96957804153411;24.858978752202507;25.021193427855426;25.150249778407957
25.016052214063034;24.838125893535164;25.008283170957796;25.13753872144401
25.02323116395741;24.804867175036748;25.042245804514458;25.12965585649139
25.003194086290982;24.90548150567338;24.990039742749424;25.101284665286215
25.029376226118483;24.84628550727048;25.0098523342982;25.114485932312835
25.02225790405787;24.794786201804502;25.040679516575377;25.142276377562254
25.012195475088934;24.82861366591155;25.027230992321865;25.131959866677654
25.027249688483394;24.88670541282316;24.96833540400434;25.117709494689105
25.05782012486438;24.805096898554083;25.03509835816426;25.101984618417273
25.053637453701317;24.846259722407932;25.024949119653776;25.075153704236968
25.06933765926722;24.82012183630868;25.034388052564516;25.076152451859578
25.056907207776497;24.855275202238857;25.000489398071696;25.08732819191295
25.028131279074262;24.780021779716947;25.0178675104853;25.1739794307235
25.033299684993725;24.816233662995778;25.01736299965692;25.133103652353572
25.07984367617263;24.83963193426711;25.01305368025691;25.06747070930335
25.029226877743888;24.789273942259822;25.035221214352095;25.1462779656442
25.020127905830314;24.795977414939347;25.036292939677594;25.147601739552737
25.02513059308932;24.791590811369606;25.055356832465765;25.127921763075317
24.874142263973944;24.998582558772267;24.868803848960408;25.258471328293382
24.95536616837323;25.012041100288982;24.93637542069523;25.096217310642547
24.92104579232344;24.72043024365034;25.256745455804637;25.10177850822159
24.979981437998816;24.890794535627915;25.01884745782561;25.110376568547654
