24.744669524147533;23.832072947664418;25.344604002293263;26.078653525894786
25.10746758573083;24.99327106971882;25.409150919076;24.490110425474345
24.95793806270576;25.13408152156511;25.079975898073304;24.828004517655824
25.030980279288478;24.923302522099767;24.98228762648955;25.063429572122203
24.913507570876586;24.932648204376235;24.957394572542448;25.196449652204734
24.944006945435337;25.09516654474757;25.001797726243375;24.959028783573714
25.110056190286972;24.991734453152578;24.937183772908682;24.96102558365177
24.90812079782651;25.012085847873518;25.086830796345883;24.992962557954094
25.059438255959883;24.878963178010345;25.1102550909986;24.951343475031177
25.100745670540526;24.98639946601024;24.93845122625782;24.97440363719142
24.92574287838112;25.055980808335228;25.053024345892283;24.96525196739137
25.00652966387355;24.96218953304843;24.91875504215029;25.112525760927724
25.108917551032217;25.000678078884985;24.91081002399495;24.979594346087847
24.95176298538912;25.143493945888583;24.940428760785103;24.96431430793719
24.962619558363233;25.05803004893635;25.054880715414058;24.92446967728636
24.94519330111865;24.98754519857653;25.067493692725094;24.999767807579726
24.943032131968135;25.15263867682705;24.91339747085772;24.990931720347092
25.005465080175505;25.055188046924847;24.958558019143712;24.980788853755936
25.10221452935632;24.969254322759987;24.924081476318793;25.0044496715649
24.964470106574815;25.010926557183062;24.911249596758008;25.11335373948412
25.103653771231304;24.999632090107717;24.91578736202411;24.98092677663687
25.090357714106084;25.027561275529543;24.90588855296369;24.97619245740068
24.953676785244923;25.135783678733027;24.94133116880766;24.96920836721439
24.980027181054353;25.124342060804466;24.953822241911382;24.941808516229795
24.97291459377181;25.187141545857756;24.919745195009256;24.920198665361177
25.07948687643759;24.98449901357359;24.95347885774549;24.982535252243323
24.973223429572485;24.992590592840607;25.080329711282545;24.953856266304363
25.108199307986318;24.982334616812977;24.93826893771914;24.971197137481564
24.928790748238477;25.22607010726793;24.906023101176377;24.939116043317213
24.964054174033855;24.973750835200697;24.93875194880163;25.123443041963817
24.95072790515994;24.94868573092015;24.999220260744806;25.1013661031751
24.936457926665298;25.086469816496564;24.895936196424458;25.081136060413677
24.96317833812577;24.966388751851785;24.945877775268897;25.12455513475355
25.09124142158695;24.994056785730308;24.91683237893037;24.997869413752376
25.106548584852483;24.988270819249326;24.942172627496472;24.96300796840172
24.993356064180606;24.969967927488625;24.981791724009607;25.054884284321165
24.964236779905374;24.972993598579237;24.938413480582035;25.124356140933358
25.003965437137417;25.019789687463557;24.97336688674374;25.002877988655285
24.94936851022559;24.99741543258221;25.071345217137132;24.981870840055066
25.102102213485324;25.01877946408936;24.929911855470994;24.949206466954323
24.966406051595374;24.963899347188423;24.939613079901406;25.130081521314796
24.931958273709782;25.153093884152995;24.924609468841812;24.990338373295412
25.070447234634425;25.025677350805736;24.909488842774152;24.99438657178569
24.958221953103703;24.973620227232406;24.941149953526224;25.127007866137667
25.016461342986208;24.950615971041376;24.928568702438575;25.10435398353384
24.95676492525601;24.98897636382932;24.933970287750533;25.120288423164133
24.921968429719428;25.08112377382953;24.910232958419176;25.08667483803187
24.982055446506035;25.09602735626949;24.964929548572623;24.956987648651854
25.09797845181755;24.9901853936309;24.944334234464428;24.96750192008713
25.090458833269892;25.01096021884891;24.961972483926246;24.93660846395495
24.956147198471808;25.11660712481747;24.948873602909437;24.97837207380128
25.110069386850896;24.966649857081418;24.939635777476717;24.98364497859097
24.944794005758876;25.122624054077637;24.952624643239886;24.9799572969236
24.975543955282486;25.017415808195132;24.907913336721023;25.099126899801362
24.92315740579834;24.966656268675457;24.998174055176996;25.11201227034921
24.945452109147894;24.986953916244513;25.079411753758425;24.98818222084917
24.924234198500123;25.05981121887841;24.91193587439607;25.1040187082254
24.9494222901587;24.955566545280163;24.947736366497324;25.147274798063812
24.98791082746006;24.997605526211895;25.001498979525888;25.012984666802158
24.947715502322307;24.99622265712764;24.9232118880392;25.132849952510856
25.161016069832808;25.023363890393824;24.903591415013423;24.912028624759945
25.09991913668968;24.987698374239592;24.950129302715787;24.962253186354943
24.928382335541883;25.001959595362045;24.969829626123992;25.09982844297208
24.903642163940017;25.029113009798426;25.075150432940458;24.9920943933211
24.96807163606873;24.96625079980233;24.95882178783543;25.106855776293514
24.97804756996144;25.12769792183662;24.953390855063056;24.940863653138877
24.93911876130722;24.956275468666444;25.138695323740624;24.965910446285715
24.98147681039509;24.916932281624657;25.02068469828534;25.080906209694913
24.98444019521933;24.92477614192283;25.10322425269413;24.987559410163705
24.97950800645493;25.077334759509235;24.965357667459607;24.97779956657623
25.08930345708827;24.92174267652443;25.06687814060821;24.922075725779084
25.08599560994986;24.99426214013679;24.93549199753787;24.984250252375475
25.111520231187857;24.96282658960405;24.95374892530958;24.97190425389852
25.114323791601684;24.953899867031936;24.969632151949668;24.96214418941671
24.9287799764507;24.930219510484605;25.00345119056847;25.137549322496227
24.97433447439573;24.96044511487394;25.100567527422175;24.964652883308155
24.94833262704958;24.970426631606017;25.114363638339256;24.966877103005146
24.9564907684028;25.051991986885998;25.01322972761929;24.97828751709191
24.990279080456915;24.97371521329085;25.022909898774063;25.01309580747817
24.962808899815013;25.092477459785105;24.968303617763;24.97641002263688
25.04297292028333;24.94352899674152;25.001308961278884;25.012189121696267
25.03763913102282;24.881880752693448;25.044327229328943;25.03615288695479
25.010187329169153;24.966054495223354;24.99290196920705;25.030856206400436
25.014912434346947;24.959338896875373;25.000464121772637;25.025284547005043
24.98410010414475;24.9891769434993;25.021341850368856;25.005381101987094
24.964940414426312;24.970678866773575;25.045121529415464;25.019259189384652
24.974591244607478;24.993569333704045;25.043472021668745;24.988367400019733
24.98106650963483;25.014838189015045;25.00420205091139;24.99989325043874
24.954127707300632;24.973413683091103;25.08389944270431;24.988559166903958
24.995481531736008;25.018844390802037;24.978587216711066;25.007086860750892
25.01704902837091;25.036397008787514;24.964485788798036;24.982068174043544
24.997962538385007;25.012762967097686;24.99800098105699;24.991273513460317
24.931846118160184;25.141266568160276;24.99610053496642;24.93078677871312
25.014627862266998;25.001516052952045;24.99192804239048;24.99192804239048
24.981220946022052;25.019020918518603;24.96950779183894;25.03025034362041
24.96295826837827;25.10782509627475;25.00788461055274;24.92133202479424
24.871090477590034;26.105669486447923;24.459353096461044;24.563886939500996
24.84236688353642;25.508781285007583;24.753872347878215;24.894979483577785
24.836076018300542;25.498285480795037;24.779660968687335;24.885977532217087
24.818295328997575;25.509876476417187;24.814486827568143;24.857341367017096
24.87444662089067;25.480756977482226;24.758404745096318;24.886391656530787
24.88093342067437;25.10407288667234;24.97079561864309;25.0441980740102
24.827933706472745;25.141289101333225;25.01858887935613;25.012188312837903
24.86140934010657;25.18875668270322;24.953706651160083;24.996127326030123
24.847565996729763;25.200909601089332;24.962571245145448;24.988953157035457
24.852414067254447;25.184230015981523;24.969246712128506;24.99410920463552
24.76835979160037;25.32760496207345;24.995572905917925;24.908462340408253
24.859392281806368;25.158322591104127;24.972577899682832;25.009707227406675
24.846624467509805;25.202653379062422;24.952628316547333;24.998093836880443
24.822623272230125;25.20169719441049;25.0091181415064;24.966561391852984
24.853139926297146;25.187539348762243;24.9515559025242;25.007764822416412
24.856590898574552;25.204855563388524;24.943350853173577;24.99520268486335
24.869054289779783;25.170553733987056;24.96939686296365;24.990995113269513
24.874842372996092;25.14065244227884;25.01655785144911;24.96794733327596
24.86436806284654;25.151061810058266;24.954330930521966;25.030239196573227
24.87590249673958;25.180969923497855;24.954085268295305;24.989042311467255
24.83890327995801;25.17667303253087;24.98529108879901;24.999132598712112
24.962465738523747;24.999747031093673;25.030672479892136;25.007114750490445
25.004013418762;25.01671315700419;24.989203338259976;24.990070085973837
25.020659582822947;24.99874642405251;24.985136170908312;24.99545782221623
24.999956596574187;24.960476840452824;25.06877706854651;24.97078949442648
25.05322375627979;24.9823495250201;24.957124834643814;25.007301884056293
25.028311742374115;25.01807097120415;24.961912976054553;24.991704310367187
25.011403502049635;25.014435550804976;25.001241140836665;24.972919806308727
24.93657503450311;24.863558637929987;25.12527884590346;25.07458748166344
25.01920882229345;24.88545715540465;25.088943219813746;25.006390802488156
25.0100528017281;25.00692662558095;24.995770467565617;24.987250105125337
25.041615370406163;24.964168249598973;25.022467139250704;24.971749240744163
24.942983354318923;24.98739326152307;25.089819806545112;24.979803577612895
24.99162347068279;24.985569306090234;25.034899536103644;24.987907687123336
25.01472356182257;25.005700864451946;25.00062559718097;24.978949976544513
24.966343924052193;24.996511260420043;25.080275213668195;24.956869601859566
25.003900743918145;25.019206205224087;24.98687631071607;24.990016740141698
25.002158107771105;25.000205534073437;25.01243481144304;24.985201546712414
24.977717500039837;24.969643745584666;25.09733654630989;24.95530220806561
25.016017543768264;25.00021703988846;24.99157017073226;24.99219524561102
24.95875699392183;25.148138308577867;24.947228595580246;24.94587610192006
24.99748400151269;25.021836805983718;25.002911001662792;24.977768190840806
24.971651393131538;24.97770907863284;25.049822761651175;25.000816766584443
25.005322835566517;25.012374087851725;24.99201144710615;24.99029162947561
25.00583052449452;25.004498808797383;25.01020128370564;24.97946938300246
24.936052987304954;25.0059314657592;24.996940252533438;25.061075294402407
25.014503404447712;24.985513528890817;25.001667933844836;24.99831513281664
25.008675019373065;25.02009312787596;24.98426152611764;24.986970326633337
25.001380050943595;25.017220635687465;25.012591893392177;24.96880741997676
25.003300473033953;25.069411486729393;25.027537792955062;24.899750247281595
25.04688820617395;24.88070003622265;25.104140114570896;24.968271643032505
25.00755499809406;25.003676119259303;24.99189843261559;24.996870450031047
24.980648296950807;25.015080754044323;25.044050369387428;24.96022057961744
24.994663206345628;25.05846487430352;24.98068303420448;24.966188885146376
24.988636466782523;25.0132487276683;25.00801207641601;24.990102729133167
25.047344522604213;25.026810358763097;24.95626828036292;24.969576838269766
24.961641589714706;25.13094262197462;24.81517054513833;25.09224524317235
25.158763369869874;25.002024808195443;24.72895181201926;25.110260009915425
25.138942203381344;25.008240566116463;24.79947955783278;25.05333767266941
25.06688701400365;25.155397060102636;24.844568148212577;24.933147777681132
25.03237937595767;25.07524628715962;24.940038485381784;24.952335851500926
24.978700401107297;25.05114012605426;24.987276477229113;24.98288299560933
24.97646434896703;25.04434486973769;24.986588670883776;24.992602110411504
24.940608993066732;25.07964259023887;24.97442981905858;25.005318597635817
24.94695572270609;25.016896343153466;25.02542984979663;25.010718084343814
24.906263154520136;24.858513615388812;25.033581984047114;25.201641246043938
24.929689094279915;24.941019772611785;25.039758540932368;25.089532592175935
24.984960526508164;25.046758766131997;24.9825713273998;24.98570937996004
25.027505708796244;25.01106355861235;24.967183783069828;24.994246949521578
25.006553225049633;25.034687319175763;24.98063338833158;24.978126067443025
24.96883829377687;25.02768412171327;25.065409541108146;24.938068043401714
25.004577577335535;25.048056587149738;24.961226165495848;24.98613967001888
24.999334963189757;25.04597864083967;24.97266061003371;24.98202578593686
24.993556219161594;25.065316110495623;24.96558968855929;24.975537981783493
25.02644512313249;25.083645916273117;24.94321714961728;24.94669181097711
24.988826811771446;25.052643905467555;24.97171191259345;24.986817370167554
25.04042335698981;25.03596621420703;24.95980438023267;24.963806048570493
25.030747631463544;25.089897303930737;24.917955325000253;24.961399739605465
25.017732207817073;25.048851181219362;24.96654810484651;24.96686850611706
25.004919301201024;25.026970829360053;24.979514041303137;24.98859582813579
25.010895798332776;24.984192906926236;25.028467319517194;24.97644397522379
24.9468544348727;25.026764643809596;25.051674628908373;24.97470629240933
24.98935502286975;25.012916357600716;24.999491481984222;24.99823713754531
24.997028845275317;25.00905085861219;24.998265395218535;24.995654900893957
24.9763651081026;25.014366306839598;25.02658710787878;24.982681477179028
24.99276557497574;24.974871237459904;25.04934576597819;24.983017421586162
25.010293621142115;24.941620065871764;25.01926232075109;25.028823992235033
24.991396546441884;25.022098747786465;25.000740694677187;24.985764011094467
25.006229834769528;24.995695420290446;25.04971153867111;24.94836320626892
25.009523731371125;24.99042892613656;25.011764609340798;24.988282733151518
25.07090283509444;24.9143901337219;25.10381533675026;24.910891694433406
24.952272615210678;24.934285867068905;25.085923182001586;25.027518335718835
24.954307282791234;25.01075218443396;25.037461846825128;24.997478685949677
24.985608686784555;25.029030310753292;24.997463370905052;24.9878976315571
24.979606026290156;25.03688125372169;24.991721939785286;24.991790780202873
24.93920439648744;24.995760821821722;25.06151064561492;25.003524136075917
24.968750267788316;25.03413718883929;24.99367553854792;25.003437004824473
24.46334526699375;25.211981256640897;25.158301551353528;25.166371925011827
24.689757418515466;24.852272641316763;25.741359878368876;24.7166100617989
25.673965601288106;24.211306373067963;25.837112464650147;24.277615560993784
25.746369595208424;24.16661668160922;25.484077144090833;24.602936579091523
25.69741467597016;24.17712383416852;25.474730748200013;24.650730741661306
25.10093000148596;24.758632445548816;25.53647469148074;24.60396286148448
25.076912198497435;24.80813333981847;25.501048180327075;24.613906281357025
25.05640119940939;24.846832862200927;25.445232751755594;24.651533186634094
25.121043411515977;24.795169631726303;25.486363945239525;24.597423011518195
25.034594166234875;25.008877137370845;25.0505958730836;24.90593282331068
25.02086647368276;24.89819497038341;25.055102357221287;25.025836198712543
24.999354524781285;24.88241427592576;25.068946683746933;25.04928451554602
24.979933325446925;24.89986511066245;25.072109029328704;25.048092534561917
25.003820002314654;24.980838209413555;25.026842981224533;24.988498807047254
24.897237463858126;24.973323495132473;25.031981548935704;25.097457492073698
24.918753362823836;24.85506559717854;25.006435880532162;25.21974515946546
24.881353964301486;24.90233601552506;24.998206573684943;25.21810344648851
24.999393895811718;24.873652959123923;25.082440442558784;25.04451270250557
24.947572759909782;24.89120663115067;25.0660343100373;25.09518629890225
24.97849996758789;24.890142593636618;25.087836815834397;25.043520622941095
24.9486095378411;24.946812811313496;25.037139154019485;25.06743849682592
24.945273337946634;24.912487974480584;25.065359752907224;25.076878934665565
24.932565588186293;24.916400392082256;25.02723111159742;25.12380290813403
24.13158518005295;26.011757261682146;24.372951935211336;25.483705623053567
23.347030321659197;26.054682833123806;23.976553827852495;26.6217330173645
24.175040415420103;25.971569598405026;23.986931438405662;25.866458547769213
24.48773178599641;24.97232983972367;24.728984604983157;25.810953769296763
25.04327456570718;24.952436273797947;25.06012483907989;24.944164321414984
25.139136180183147;24.975388803829528;24.541170351933474;25.34430466405386
25.160385467422635;25.27653952423949;23.08723722135906;26.47583778697882
25.12132048249338;25.194426568413895;24.13725489530903;25.54699805378369
23.820307896669775;25.514266155773285;25.231837282840523;25.433588664716417
24.069535477809612;25.160429966113206;25.431449000191165;25.338585555886016
24.48034293896231;25.608773756033713;24.701795071130846;25.20908823387313
24.404970890733633;25.694159302567765;23.917452666448472;25.983417140250133
24.72994025723982;25.50737039213431;24.03535067151865;25.72733867910722
24.792104498393584;25.5498249937303;23.929091053038537;25.728979454837575
24.911371226724917;24.98015614068494;24.6343595086853;25.474113123904846
24.892354929216435;24.522792558600877;24.85635714703645;25.728495365146237
24.368978042730514;25.01870119618817;24.97843052218788;25.633890238893443
24.281208566775124;25.354517598771885;24.90523832914154;25.459035505311455
24.5446136577795;25.32818764665669;24.957388725680392;25.16980996988341
24.62045173498412;25.311389498133686;24.772561806118954;25.295596960763238
24.671475795195768;25.27848380224785;24.94462646000147;25.10541394255491
24.654618429015994;25.356468364994907;24.87476628038355;25.114146925605553
24.695792912780274;25.300039664407194;24.941877752050758;25.06228967076177
24.734763134711006;25.391889983958336;24.788938087866917;25.08440879346374
24.349938815874996;25.068033094219256;25.17525303583918;25.406775054066564
25.004756596620183;24.355315438497296;25.942101738495754;24.69782622638677
24.963413230856915;24.786368020808315;25.25023805533696;24.999980692997813
24.94569926917467;25.023591656946348;25.029199908865905;25.001509165013076
24.939556172124593;25.013032680204468;25.056233420296202;24.99117772737474
24.92323273637364;25.010799809128713;25.066347249408395;24.99962020508925
24.98327446983959;25.049048589609946;24.970555287601325;24.99712165294914
25.109560268200777;25.073043563737897;24.878152409107322;24.939243758954007
25.048211651371254;24.989780018603327;25.074650298897428;24.88735803112799
24.976709685593505;25.017347606814777;24.965098850958857;25.040843856632865
24.9806553451156;25.075851918502767;24.959088277332395;24.98440445904924
25.05690494587388;24.90446153939965;25.021930072902794;25.01670344182368
25.371983455465084;24.443008166568188;25.36328492537805;24.821723452588678
25.250370063603373;24.64777500132915;24.60884486989711;25.493010065170367
25.163043498291522;24.565011556324134;24.467047245850246;25.804897699534095
25.117720579418446;24.572869792689662;24.532851048616152;25.776558579275733
25.016567999141053;24.900832657655155;24.72182422000822;25.360775123195566
24.983880111970112;24.95042628576582;24.66529793754078;25.400395664723284
25.018205130252895;24.962518849479327;24.643611433184812;25.375664587082962
24.930861884567832;24.938671092831253;24.7575684539223;25.372898568678615
24.97572478593178;24.93488048578848;24.656293939048354;25.43310078923139
24.980742219397882;24.921782095669386;24.658216779381032;25.439258905551704
25.013044365839338;24.927024824680654;24.697662102019038;25.362268707460967
24.91870552407217;24.95482420412653;24.771925356191666;25.35454491560964
25.005458203349946;24.99498138349703;24.630417358405413;25.36914305474761
25.042973257876223;24.952579214753932;24.608637098152247;25.3958104292176
24.964498364248357;24.890398867306274;24.752310711295696;25.392792057149677
25.136849252816685;24.926808645778213;24.587340464371678;25.349001637033425
25.1977820188617;24.866233550985175;24.9682383656912;24.967746064461924
24.836712282352373;25.094576790606006;24.989033478898147;25.079677448143485
24.81966154746997;24.967085260881706;25.11929917254687;25.09395401910145
24.966706313335553;24.91665635853276;24.997421380655595;25.119215947476093
24.87745571727774;24.954833269627485;25.033678203867304;25.13403280922747
24.894021181788;24.949621581113693;25.04386274709033;25.11249449000798
24.86232951791749;24.923227270049548;25.066599010528982;25.14784420150398
24.863966685870206;24.94280617452499;25.01619951429244;25.177027625312366
24.941650580081518;24.972067950922685;24.999777433871895;25.0865040351239
24.8672445494371;24.939055717923093;25.048768242545243;25.144931490094564
24.886394564983664;24.950189542886616;25.035825936323814;25.127589955805906
24.97684615041144;25.070685858075187;25.04177055291249;24.910697438600888
24.950049455984175;24.951266834056153;25.01179335007228;25.08689035988739
25.003844373500154;24.949964451772775;24.97128947525965;25.07490169946742
24.863167670981422;25.02863852943972;25.00292369464728;25.10527010493157
24.87790248847443;24.96483127946485;25.008390699873694;25.148875532187027
25.00234091201932;24.920428999138064;25.009023515561662;25.06820657328095
24.879009096248446;24.978822779764446;25.00831481709376;25.13385330689335
24.86187210478082;24.990041699512812;25.01977732404449;25.12830887166188
24.87974180099293;24.96191930366727;25.052252384043594;25.106086511296205
25.048786831068632;25.13615250404733;24.91418851636166;24.900872148522378
24.891496860429527;24.97358927345614;25.077709198213434;25.0572046679009
24.826230152146724;24.95653428936818;25.306677835946978;24.910557722538115
24.940395272876092;24.96504542540348;25.027767994519913;25.066791307200514
