24.744669524147533;23.832072947664418;25.344604002293263;26.078653525894786
24.790890034243464;24.259227097964708;25.376324850369734;25.573558017422087
24.758531036188472;24.553110693782777;25.278391651717286;25.409966618311465
24.76005322687719;24.651971394180418;25.242870687148454;25.345104691793942
24.738126117824674;24.715449872708227;25.21613588856978;25.330288120897315
24.725657254388555;24.782407081759125;25.205650838506976;25.286284825345344
24.739267744302477;24.812346497756817;25.189671703490475;25.25871405445023
24.724437671992032;24.830198591298483;25.195705811173074;25.24965792553641
24.729960839398675;24.83975840854012;25.201811874602807;25.228468877458393
24.739006009649678;24.8567398658653;25.190140873701395;25.214113250783626
24.73047992607648;24.870118069314834;25.19083339003768;25.208568614571004
24.729921877891396;24.88112062664461;25.180414068206026;25.20854342725796
24.737007136214633;24.896343554334436;25.170014633685135;25.1966346757658
24.732134041410458;24.915410819060156;25.163659591412884;25.188795548116506
24.728545651071396;24.921750321624316;25.166258231526427;25.18344579577786
24.7244056444138;24.929424619329946;25.169153456653355;25.177016279602903
24.72049994945234;24.94408529454592;25.162723927336017;25.172690828665722
24.720584681942594;24.94784927376756;25.15920681439287;25.172359229896973
24.725886199996733;24.952191629166826;25.15427643249366;25.167645738342788
24.723782261188116;24.957363768937306;25.1494901428475;25.16936382702707
24.728134124435623;24.960757243270553;25.145400856667322;25.1657077756265
24.731598746855692;24.961347119911196;25.14139576141026;25.16565837182285
24.728946796815162;24.97099272893373;25.139036010587766;25.16102446366334
24.727690387577656;24.97915140208952;25.137472962250563;25.155685248082264
24.72549632678368;24.984385519130665;25.13476626392506;25.1553518901606
24.728270928880562;24.987472645121798;25.133520399044013;25.15073602695362
24.72688279752199;24.989219511475056;25.137056847636995;25.146840843365958
24.730351277897114;24.989209835950778;25.13535751357527;25.14508137257684
24.727516355290255;24.99519041559071;25.132689255890284;25.14460397322875
24.726073615939534;24.99550207933291;25.13126432839121;25.147159976336347
24.724234967123394;24.995094217237686;25.131828318284327;25.148842497354597
24.722022163989887;24.99540289265737;25.12911027332879;25.15346467002395
24.720654201787436;24.99549665862803;25.128093677013556;25.155755462570973
24.72324600272571;24.996441051204812;25.12626208075046;25.15405086531902
24.72595295878217;24.996635024913683;25.12524821734373;25.152163798960416
24.725504816894464;24.99686427475562;25.122921967956753;25.15470894039316
24.72435056946256;24.997156370251652;25.12199061827757;25.156502442008215
24.724283945994355;24.998384870742747;25.122015541310876;25.15531564195202
24.722811578954428;24.99777534493239;25.124532362913783;25.1548807131994
24.725216055120974;24.997302322974146;25.123475151749357;25.154006470155522
24.724328312469776;24.997286863223092;25.122741873974597;25.155642950332535
24.72259630540664;25.001172266860916;25.121608237539085;25.15462319019336
24.724350384647927;25.000455325551744;25.120051302736517;25.155142987063805
24.723321589249093;25.00067606209102;25.119303096361012;25.15669925229887
24.723632281319645;25.000445229890815;25.11830000752656;25.157622481262976
24.722620714162368;25.000653065079593;25.117296481932183;25.15942973882586
24.72094204795708;25.001262575601462;25.115872861058524;25.16192251538293
24.720617172859722;25.000905205003594;25.11567455452613;25.16280306761055
24.722555911304163;25.001190640128186;25.115046216410175;25.161207232157473
24.724294787616287;25.000523609500537;25.114678627300002;25.160502975583178
24.7233146755764;25.00387179231544;25.114112879546813;25.15870065256135
24.72528882136985;25.00390822355388;25.11350794918964;25.15729500588663
24.724147677917028;25.00642997299834;25.11316637191372;25.156255977170915
24.723632346211875;25.005604875703558;25.111946308945743;25.158816469138827
24.722157510404248;25.00594384216471;25.11236237074852;25.15953627668252
24.721141521261675;25.006053609369943;25.11425086766638;25.158554001702
24.719798424357347;25.006305293967085;25.11304773095683;25.16084855071874
24.71892788381419;25.00612990097431;25.11264193692756;25.16230027828394
24.718716463494854;25.006935182062108;25.113063845812945;25.16128450863009
24.71782671885798;25.00756827720338;25.111891826888865;25.162713177049774
24.72064021823711;25.00721317937969;25.110623925394627;25.161522676988575
24.722231724962246;25.00758318653839;25.110266511558066;25.159918576941298
24.72109165687427;25.008513513513513;25.11015393654524;25.16024089306698
24.71955860323109;25.00790310257624;25.11170707605754;25.160831218135133
24.71903832610713;25.007923031900937;25.11152582144144;25.161512820550495
24.718726055526407;25.010608613131595;25.111079674856196;25.159585656485795
24.717752225335737;25.010680386560452;25.11321231865537;25.15835506944844
24.717466630290154;25.010126296512432;25.11246083605249;25.15994623714492
24.717270653458943;25.009866837689888;25.114190850797733;25.158671658053432
24.71674120980872;25.011970737942185;25.113503504538553;25.157784547710538
24.71791438938876;25.011502220243433;25.11309366850562;25.15748972186219
24.71912253482717;25.012163751908247;25.11240723879397;25.156306474470615
24.72060527372251;25.01209857090854;25.112145650425095;25.155150504943858
24.722069724009692;25.011987758479087;25.111791938611383;25.15415057889983
24.721043900717746;25.01159355635158;25.110897125185684;25.156465417744993
24.720641908600065;25.013494255613132;25.110604841505758;25.155258994281045
24.7198968581902;25.013599910510685;25.112472982739813;25.1540302485593
24.719284775745606;25.014608929703712;25.112017779378682;25.154088515172003
24.719142975762452;25.014780960392734;25.112042780291993;25.154033283552817
24.718610263479306;25.016435644856205;25.111960530912825;25.152993560751664
24.718928527502285;25.01637639544516;25.112076345756112;25.15261873129644
24.719002210440006;25.01648111711506;25.111523193311847;25.15299347913309
24.718919592110737;25.01671982921473;25.111801160105767;25.152559418568764
24.718875826491356;25.016951012063977;25.112111940226466;25.152061221218197
24.71861637166572;25.01709465922019;25.112622861645367;25.151666107468717
24.718204123017546;25.016823032867773;25.112480094005342;25.15249275010934
24.717912690021723;25.016758656237354;25.113530836368348;25.15179781737258
24.71772367237854;25.01695703769236;25.11378415297893;25.151535136950166
24.717230411812075;25.016636714735174;25.11418746095306;25.15194541249969
24.717179643868267;25.016879000214903;25.11440980317748;25.151531552739353
24.717374922316615;25.01728823505129;25.114474256998253;25.150862585633842
24.717342392256292;25.017424442899404;25.114647669777945;25.150585495066363
24.716575519134913;25.01854089218719;25.114042163243933;25.150841425433963
24.71632429360182;25.019027161529785;25.11435924355146;25.150289301316942
24.716034946445433;25.01943729497638;25.114243939945663;25.15028381863252
24.71535663294878;25.021519599456965;25.113471396589826;25.14965237100443
24.71052920836209;25.04463732934393;25.10523802245001;25.13959543984397
24.70581472686301;25.065787865165817;25.09792368057726;25.13047372739391
24.701068625411665;25.086440007538048;25.09081442557487;25.121676941475425
24.696208369651654;25.10697128169179;25.08345465161722;25.11336569703933
24.691389441862132;25.129923566426605;25.075457216981274;25.10322977472999
24.687008824662353;25.150296571965253;25.0681772813793;25.0945173219931
24.682323184268995;25.169919907545257;25.060676861286073;25.087080046899672
24.67814531122585;25.189712098778678;25.053738064519838;25.07840452547564
24.67359478669038;25.210812634416396;25.04643235465831;25.06916022423491
24.66970253483833;25.228911248177464;25.039926278691283;25.061459938292924
24.664714676005385;25.24919177754891;25.032863123153604;25.05323042329211
24.660696266735982;25.267921263047988;25.026293089672436;25.045089380543594
24.65700376917013;25.28511245661021;25.020262289410056;25.037621484809602
24.65282321511716;25.3034930174588;25.013363446807592;25.030320320616458
24.649111294464944;25.320768921844994;25.007340475482685;25.022779308207376
24.645528012409756;25.337681696394434;25.0013636030642;25.015426688131615
24.64206900390358;25.354099002702903;24.99545378227772;25.0083782111158
24.638863964494842;25.369551722160583;24.989607477421995;25.00197683592258
24.635519543055022;25.38527659986942;24.983955636206552;24.99524822086901
24.632314323601463;25.40081794254615;24.978291889088354;24.988575844764032
24.62923607167545;25.41455303605223;24.973440876647967;24.982770015624354
24.625560646543967;25.430606047328595;24.96759295692846;24.976240349198978
24.62265828622275;25.443524275624462;24.963229010453603;24.970588427699184
24.619379340865162;25.458162678341907;24.958078938268365;24.964379042524566
24.616117190788287;25.47140791293368;24.953456496903375;24.95901839937466
24.613173379437153;25.485158242497185;24.948560356792232;24.953108021273426
24.610198779338884;25.49902358316639;24.94370420327348;24.94707343422125
24.607273528313858;25.512562669921383;24.93896044383104;24.94120335793372
24.603844990969012;25.524035271141223;24.934980883951074;24.93713885393869
24.60134023426583;25.5349721721648;24.93162547227329;24.93206212129608
24.59836615416516;25.548903408186263;24.926694222591692;24.926036215056882
24.59610465307323;25.560271765472574;24.92217030745285;24.921453274001347
24.593022925113566;25.572548646570276;24.91832866141434;24.916099766901826
24.590135395869154;25.585013517110305;24.914343542140223;24.91050754488032
24.587742835440803;25.59635159426611;24.910324358885212;24.905581211407874
24.58498673832344;25.60759032159796;24.90641440160066;24.90100853847794
24.582457103384623;25.61929943865373;24.90236562648032;24.89587783148132
24.579993652457922;25.630305942094513;24.898532720501283;24.891167684946286
24.57747463193579;25.640527283848023;24.895015269528663;24.88698281468752
24.57524442650444;25.65101278051836;24.891354259039293;24.882388533937906
24.572536751269173;25.663162054910345;24.88715234571224;24.877148848108245
24.57023055143751;25.67360399504012;24.883512428981874;24.87265302454049
24.56773426158661;25.6836586509191;24.879755541014706;24.868851546479583
24.56560908394105;25.693588579055167;24.876323096816193;24.864479240187592
24.563491146589527;25.70345428037406;24.872876567971115;24.860178005065293
24.560846980933803;25.713156346569093;24.869177703423446;24.856818969073657
24.55873018880031;25.722843791914947;24.865855431931138;24.8525705873536
24.556702331056343;25.732455375199585;24.862512193834053;24.848330099910015
24.554656403917985;25.74188797922493;24.859238296934986;24.844217319922095
24.55250117260847;25.751812231218036;24.855977473784332;24.839709122389163
24.550470722503377;25.760770163819235;24.853233536352544;24.83552557732484
24.548633110449284;25.769357663321692;24.850226443859867;24.831782782369157
24.54650726490716;25.778482979340918;24.847340690278923;24.827669065473003
24.544534971199692;25.7875606211092;24.844208553532905;24.823695854158196
24.5426196273299;25.795977697090265;24.841408456784805;24.81999421879503
24.541094770258173;25.804649410882156;24.837866877638493;24.816388941221177
24.539143937712822;25.81338940047259;24.83427417380707;24.81319248800752
24.53802659196227;25.82296613963779;24.829922306353694;24.809084962046246
24.537001532942433;25.83124141435772;24.826485797586393;24.805271255113453
24.535476831319674;25.840375743387828;24.82335107522495;24.800796350067547
24.533668706194565;25.84958398325264;24.82018921973518;24.796558090817616
24.531939461738673;25.8573062290246;24.817609223842485;24.793145085394247
24.530116919320722;25.865215775894633;24.814959248822294;24.78970805596235
24.528113867641117;25.873190839631388;24.812243646769815;24.786451645957683
24.52641328586479;25.880572422671065;24.809780944905608;24.783233346558536
24.524812869595493;25.886160285095517;24.80751310306701;24.78151374224198
24.522532527926067;25.893834126324016;24.804698182225177;24.77893516352474
24.520644057184843;25.90055371594123;24.802249262291173;24.776552964582756
24.519082617934018;25.907555322373945;24.799800525827425;24.773561533864616
24.5175011110222;25.914856859264262;24.797355631274247;24.770286398439293
24.515887836723206;25.921156886536167;24.79569859054183;24.7672566861988
24.514291125058616;25.92854446494714;24.793133174097928;24.764031235896315
24.512853088486956;25.934921651236877;24.79098526461014;24.76123999566603
24.51142605999308;25.941521275092892;24.788723985924797;24.75832867898923
24.51004202407978;25.948626232978718;24.786218264482496;24.755113478459005
24.50862590400379;25.95502719871407;24.784039744268508;24.752307153013632
24.50731043976907;25.961721384291774;24.781686657125352;24.749281518813802
24.505689688271133;25.968606995115;24.779199365005486;24.746503951608382
24.504507102098454;25.974010189540696;24.77734788899922;24.74413481936163
24.502916160386366;25.981134161864887;24.774899853537143;24.741049824211604
24.50164958677201;25.987001915479475;24.772881165230125;24.73846733251839
24.50000176803494;25.99399748839893;24.77050291822812;24.735497825338012
24.498708705576462;25.999932069767418;24.76843131383095;24.732927910825172
24.497474563693775;26.00570756715718;24.766400339942045;24.730417529207003
24.49615433455641;26.01155105302518;24.764444582463046;24.727850029955363
24.49491201757035;26.017557861289163;24.76226816789867;24.725261953241816
24.493873392203604;26.02244141328032;24.7608815503335;24.722803644182573
24.492586356641528;26.028550883619168;24.758736468229444;24.72012629150986
24.491559034075493;26.0341298509378;24.756712654796715;24.717598460189997
24.490288158088134;26.040111951431978;24.75463833967417;24.714961550805718
24.489531217730775;26.045123083976705;24.753257360825312;24.712088337467208
24.4881983159501;26.050119803715653;24.75176679257067;24.709915087763573
24.486798480337313;26.05607533423293;24.749607324771375;24.707518860658382
24.485636854655972;26.061401114546427;24.74777738563078;24.705184645166824
24.484482971918446;26.066649609225497;24.745965209172248;24.702902209683813
24.483041403838346;26.072396773854862;24.743897169514685;24.70066465279211
24.48193382224169;26.07717404291391;24.74226552651141;24.69862660833299
24.477829743632316;26.08749974798795;24.74129230435954;24.6933782040202
24.474973135422477;26.096394198639434;24.74288488615748;24.68574777978061
24.47505152578505;26.10279101971466;24.746173077387443;24.675984377112844
24.475241729917578;26.1088711482357;24.749778288816444;24.66610883303028
24.475404090301765;26.11455825544997;24.753225558302617;24.656812095945646
24.47562684546566;26.120683643746105;24.75637308207083;24.647316428717403
24.475797785660287;26.12635433986268;24.759813197922025;24.63803467655501
24.475867453800976;26.131958848308486;24.762956070628313;24.629217627262232
24.476188871828263;26.137395952371012;24.76595486389198;24.620460311908747
24.47624850904614;26.143858239729905;24.769388808093975;24.610504443129972
24.47663041415473;26.14890031076758;24.772464980396677;24.602004294681013
24.47688663798506;26.15435558066141;24.77577215830075;24.59298562305278
24.47707247406503;26.159900768082387;24.779057499113087;24.583969258739494
24.47727780287291;26.16549783648981;24.78206559607559;24.575158764561696
24.47718717608336;26.17049445114812;24.78559464317239;24.56672372959613
24.477143339083845;26.175505979651653;24.788457546790575;24.55889313447393
24.477428379414192;26.180462415352952;24.791254665125773;24.550854540107082
24.477604342339244;26.185557464407914;24.79433159525591;24.542506597996933
24.478093730409924;26.19021415420128;24.7973207199986;24.5343713953902
24.47817720269899;26.195500045947963;24.800499880977192;24.525822870375855
24.47820380763746;26.20071620261039;24.803334210867938;24.517745778884212
24.4783490263723;26.205591550622703;24.80617328764287;24.509886135362123
24.478495563970743;26.21085716679624;24.809201799744685;24.50144546948833
24.476011628001856;26.220076325542195;24.810450035803395;24.49346201065255
24.46827607034946;26.234617823127504;24.808817118243475;24.488288988279557
24.46079501781689;26.229940250458238;24.8073076476191;24.501957084105772
24.452947550511595;26.22476405207183;24.8063592059091;24.515929191507475
24.445877131758717;26.220534422714575;24.805444396217194;24.528144049309514
24.438440172263974;26.21520395420521;24.801994767918103;24.54436110561271
24.433618521816676;26.21073155666916;24.794034187956875;24.56161573355729
24.428749489419882;26.20627595109321;24.78610497887005;24.578869580616853
24.420105998761912;26.204398480346185;24.781749675498812;24.59374584539309
24.41170089747896;26.203293256298338;24.777708023330206;24.6072978228925
24.403241577858445;26.204528948899018;24.771147387241893;24.62108208600064
24.397535697738142;26.20417869764791;24.77400206088526;24.624283543728684
24.390883618208953;26.20363149061663;24.77705870211122;24.628426189063195
24.38473829278498;26.203269871213646;24.77964553978178;24.632346296219595
24.379285456121057;26.202874736442013;24.783242611815563;24.634597195621367
24.37979976906939;26.200661980275346;24.784708592989745;24.63482965766552
24.380462441288298;26.19875420408595;24.78584389400779;24.634939460617964
24.380658180814187;26.197567799506228;24.786451281342604;24.635322738336985
24.380721701264456;26.196582486897185;24.786899166304753;24.63579664553361
24.38097453501514;26.195041651697455;24.78742385546817;24.63655995781923
24.38146453946516;26.193572869017245;24.788203837071368;24.636758754446227
24.38173516072628;26.192444965178197;24.788748393349938;24.637071480745586
24.38211661593082;26.19149929869873;24.789131379013572;24.637252706356886
24.382778271101373;26.190224406073074;24.789499280792864;24.637498042032693
24.38448634553633;26.18813665165593;24.78956430829768;24.637812694510057
24.39428440936392;26.1805723585537;24.78739338156897;24.63774985051341
24.403440459636023;26.173561583401593;24.78579002629274;24.637207930669643
24.4122269842998;26.16667947215617;24.784203405580122;24.636890137963913
24.42090689560142;26.159947272950525;24.78266881951013;24.63647701193793
24.429453111462255;26.15352768195965;24.780905887670183;24.636113318907913
24.43804162087485;26.146862359518693;24.779295498085904;24.635800521520558
24.44602097995835;26.14037751975115;24.778026804223312;24.635574696067184
24.454689897237504;26.13358440202742;24.776569717006335;24.63515598372874
24.462996738474356;26.127196900483185;24.774910136428204;24.634896224614256
24.471384880631458;26.120731824464023;24.77334379043648;24.634539504468037
24.47910225019187;26.114731678125754;24.772118419429855;24.634047652252526
24.489827196019753;26.106438733701975;24.772590281158674;24.631143789119598
24.502832151211376;26.097794051950164;24.770541999439804;24.62883179739866
24.514892096873783;26.08949109670513;24.768007838097077;24.627608968324015
24.52694144391864;26.0813351010155;24.765508981903086;24.626214473162772
24.53842339095747;26.073544086548452;24.763157786782067;24.624874735712016
24.549536951480565;26.065792460512867;24.76108232762965;24.62358826037692
24.561397692519076;26.057721665194254;24.758789168655067;24.622091473631595
24.57310180900493;26.04964437517304;24.756453870764012;24.620799945058017
24.58461541598024;26.041663971923313;24.754175853874905;24.61954475822154
24.59510113207154;26.03437848752134;24.75212062780161;24.6183997526055
24.607079806763334;26.025995415052382;24.750000142980173;24.61692463520411
24.618008127383714;26.018774309333953;24.747759198445486;24.615458364836847
24.629162728690442;26.01091464443733;24.745628393062663;24.61429423380956
24.639725798966346;26.003662903126195;24.743498494339953;24.613112803567503
24.651101275233767;25.995890600284234;24.741090974969737;24.611917149512262
24.660988287933666;25.988913538124763;24.739237754848773;24.6108604190928
24.67316228936589;25.98016592489536;24.73734660661096;24.609325179127794
24.68340759013704;25.972966275004328;24.734985843449326;24.608640291409305
24.694109014397274;25.965522285549554;24.732711742419454;24.60765695763372
24.704236249607884;25.958539417172684;24.73052972218223;24.6066946110372
24.714947501967906;25.95105520490659;24.72835238676198;24.605644906363526
24.724978253150233;25.944360275365824;24.726148849673887;24.604512621810056
24.735452742339923;25.937230100525166;24.723930562391768;24.60338659474314
24.745592887248478;25.93017752296738;24.72184340976245;24.602386180021696
24.755648386301253;25.92308102265571;24.719883856580598;24.60138673446244
24.765882846481503;25.916363583421763;24.717558925967552;24.600194644129182
24.77575154665846;25.90954371782606;24.715596277977834;24.599108457537646
24.786089951990576;25.902488054284454;24.713504978127073;24.597917015597893
24.795884593676753;25.895932895997724;24.71138628317909;24.596796227146438
24.805175762101218;25.88972760077317;24.709370080869917;24.5957265562557
24.815623204323327;25.88236156082937;24.707178914341874;24.594836320505426
24.824916926701565;25.875920875740327;24.70527982393192;24.593882373626187
24.833815947919767;25.86991857893663;24.703447455882657;24.59281801726095
24.843577298727514;25.86311234618447;24.701401422890875;24.59190893219714
24.853560753131536;25.856170550904668;24.699347651551086;24.59092104441271
24.86297993408583;25.84962432736789;24.697516194430115;24.589879544116165
24.872094723558675;25.843296961365237;24.69556575455317;24.589042560522927
24.881316153591175;25.83677521549934;24.693620787314003;24.588287843595477
24.890048155455744;25.83012630555007;24.692331599319807;24.587493939674378
24.8991086095281;25.82407460691606;24.690364505893843;24.586452277662
