25.085450389282588;24.91872546684525;25.238255791293806;24.75756835257836
25.089208575796558;24.914860131687615;25.21213548276513;24.7837958097507
25.25406607069253;24.808943666254486;25.14848675275182;24.78850351030116
25.070615876032843;24.97716533354452;25.15641086560545;24.79580792481719
25.078805253912762;24.945601171508418;25.242431429975902;24.733162144602915
25.06789585150118;24.936608178167912;25.243265517340514;24.752230452990386
25.061786969742716;24.934115465073646;25.257823114580862;24.746274450602773
24.836701026995588;25.63197894516015;25.006913387178287;24.524406640665973
25.050331898143273;24.87640490738095;25.357920361153298;24.715342833322474
25.184159640791385;24.887694706344014;25.175743319018572;24.752402333846028
25.057244269985716;24.831111625818536;25.214907281552414;24.896736822643334
25.268339541508883;24.819165843834323;25.181143362474312;24.73135125218248
25.087981146897093;24.89670070699136;25.271013354281223;24.74430479183032
25.096722815294196;24.866281589903327;25.243092307537225;24.79390328726525
25.16127662285265;24.865478945915527;25.22391862909562;24.749325802136198
25.142878949501263;24.85866568779064;25.18522018350291;24.813235179205183
25.089541731064873;24.882851706578162;25.236708312551443;24.790898249805522
25.111101958442305;24.87365884799934;25.274614386622456;24.740624806935894
25.06524613331876;24.886869582647464;25.25577091672589;24.79211336730789
25.048595275520825;24.919745843388164;25.233677964975982;24.797980916115034
25.08156392243534;24.892454021627593;25.261464993290712;24.764517062646355
25.059779214203616;24.937818529893303;25.24678559681276;24.75561665909032
25.077557460723575;24.941152182207958;25.223916637941677;24.757373719126786
25.087259283909674;24.904612454027504;25.236054292965516;24.772073969097306
25.1025404082162;24.89381190927808;25.211362936303356;24.792284746202355
25.17404180347227;25.266418239539206;25.005590655350208;24.553949301638323
25.093240524522987;24.91640001012743;25.229766075834974;24.760593389514604
25.061157756278657;24.945193635495674;25.236947889903742;24.756700718321923
25.075568218978646;24.931398559440836;25.233102718749734;24.759930502830787
25.029247202441507;24.855353509664294;25.359708799593083;24.75569048830112
24.68523025622353;24.460052509534123;26.085165098407465;24.769552135834882
25.216236296414962;24.768311496316066;25.199081192834715;24.816371014434253
24.9482765351134;24.791851393326976;25.596841383233233;24.66303068832639
25.038851560066337;24.876310206866066;25.24089707512578;24.843941157941813
24.881563878196427;24.97127867862145;25.05128486336921;25.095872579812912
25.013663799249088;24.77722066441709;25.14356890515343;25.065546631180396
25.079078638799196;24.85854224001677;25.230761641876022;24.83161747930801
25.075637693398818;24.900994563925124;25.248640981281206;24.77472676139485
24.968954686016218;24.83888902416259;25.128036556364492;25.064119733456703
25.077158557699548;24.72252193477697;24.99602706613471;25.20429244138877
24.98005308688313;24.71506817911092;25.141426423422956;25.16345231058299
25.398944647739295;24.773274123833584;25.123358184080104;24.704423044347017
25.078827831843036;24.896996029665143;25.1850666376099;24.839109500881918
24.91942617037986;25.136475672701508;25.287306682789428;24.656791474129204
25.086384702418773;24.894249097038976;25.260585107296386;24.758781093245872
25.087846217445225;24.901265280812616;25.242315301482314;24.768573200259848
25.07917099712661;24.902284444987874;25.241996291088427;24.77654826679709
25.081820274981908;24.892071245312806;25.24525524636537;24.78085323333991
25.089967672632884;24.909693466076597;25.239744363042433;24.760594498248086
25.082120639348172;24.883440686571365;25.235657179209564;24.7987814948709
25.14177407700252;24.71692474151531;25.31334057178743;24.827960609694735
25.387892123674117;24.80575168456008;25.131984073250152;24.674372118515652
25.082668006511316;24.91212375589501;25.245450961889997;24.759757275703674
25.07235816097903;24.908232826428947;25.282111700570013;24.73729731202201
25.068629897679063;24.89764006738208;25.2583369727976;24.77539306214125
25.06195362010072;24.91380712570286;25.23800715057999;24.78623210361643
25.07982550818493;24.90106134196798;25.256715836181563;24.762397313665527
25.035865244653454;24.931243701713136;25.203644608666444;24.82924644496697
25.07089711396544;24.91098820493326;25.270783250255658;24.74733143084564
25.054968243710444;24.920256009767108;25.277290531896657;24.74748521462579
24.901104327607122;25.184247034017982;25.062215014379174;24.852433623995722
25.08553143903186;24.920927245684677;25.21138352407982;24.78215779120364
25.107063572331917;24.877467166266516;25.216162573795614;24.799306687605956
25.090709407540125;24.88323975021178;25.263507080581437;24.762543761666656
25.07889209630526;24.88472269643701;25.254092904712145;24.782292302545585
25.052617138566287;24.875722470315992;25.296479074082768;24.775181317034956
25.069289829845225;24.905477067562646;25.247675720897593;24.777557381694532
25.101207380626985;24.90929298607813;25.178748550141673;24.810751083153214
25.084289700499745;24.902398725340564;25.241183368458277;24.772128205701417
25.0815008895575;24.886501844449732;25.230598097586636;24.801399168406135
25.110610699255286;24.876991456451517;25.203721040069492;24.8086768042237
25.095266617915634;24.87919421161132;25.231230547052707;24.79430862342034
25.04801948971906;24.856226301723293;25.207491182781617;24.888263025776038
25.097221869201636;24.905637597539588;25.209058790636202;24.788081742622577
24.99786591948742;25.00916399278932;25.242155371104047;24.750814716619214
25.002896826018194;24.851009191550663;25.21428683275136;24.931807149679784
25.056191585006953;24.89671259014909;25.194649267488117;24.852446557355844
24.751641615510035;25.0119167475966;24.895533558452204;25.340908078441153
23.97521010408076;25.999740990914233;24.865553836401684;25.159495068603327
23.711673854357436;26.492398342764233;24.796377301109874;24.999550501768457
23.846802778324772;25.886799377025117;24.833627217557865;25.43277062709225
23.833964234434145;25.844798329199843;24.81790888917896;25.50332854718705
23.82810241676229;25.835618118271565;24.83405015723408;25.502229307732062
23.903392413637388;25.779097990517048;24.888801083766086;25.428708512079478
23.84332129963899;25.79049338146811;24.82286401925391;25.54332129963899
23.933883567992233;25.718541731032353;24.77159376793044;25.575980933044974
23.955831248655805;25.811099917367535;24.822453391892964;25.410615442083696
23.967402031309078;25.79657897302606;24.83811593823793;25.39790305742693
23.9609272397368;25.692398218189062;24.976675817353193;25.36999872472095
24.14698923061592;25.499709154787592;24.972595660264982;25.380705954331507
23.939246516303676;25.7230322641856;24.982589088354572;25.355132131156143
24.0381455508225;25.621342989597608;24.95334114597866;25.38717031360124
23.93601428568232;25.810226883667013;24.94019660715045;25.313562223500213
23.943943165318398;25.742454884878658;24.99144368388301;25.322158265919935
24.02041934418383;25.681023894430172;24.95851455402404;25.34004220736196
24.687797828119894;24.985346297199467;25.02024671913662;25.306609155544024
24.56470937417268;25.282078951876418;24.8892707857171;25.263940888233797
24.618839537318486;25.04484772255494;24.974368427203324;25.361944312923253
24.642648595316455;25.046479733493822;24.959896547635292;25.35097512355443
24.63877330771486;25.06534581817955;24.950561755697095;25.345319118408494
24.647817304243308;25.05333241037323;24.92369846893505;25.375151816448412
24.65347572908757;25.049683955714634;24.942546016881806;25.35429429831599
24.90387245013639;24.797518565180905;24.625014901231136;25.67359408345157
25.073071732224268;24.945751051547457;23.397225914983945;26.583951301244323
25.142396602630175;24.809685810453008;23.206319438524705;26.841598148392116
25.215944402072875;24.771585102396624;23.208977792878926;26.803492702651578
25.140292832727074;24.795729979710092;23.219834756064124;26.844142431498714
25.214314103152034;24.764437922284387;23.21914457794491;26.802103396618666
25.17225029580491;24.777986134545316;23.211465982079417;26.838297587570352
25.154706442730557;24.824544232601234;23.194352007725534;26.826397316942675
25.10792985413807;24.865586039173696;24.237371637515164;25.78911246917307
25.229241480914844;24.723656530885446;24.157016071340035;25.89008591685968
25.15653506150477;24.80809936811774;24.24120624000042;25.79415933037707
25.290386400684678;24.721719776314103;24.279682468572496;25.708211354428723
24.643999793282624;24.68362062350345;24.864341722613474;25.808037860600454
24.184302717340973;24.778611278769354;25.214203367854964;25.822882636034706
24.001401541695866;24.951213150609167;25.17919936145006;25.868185946244903
24.01416710481462;24.97115927207736;25.18570732487082;25.828966298237198
24.065961931935863;24.91129517751611;25.16971511863121;25.85302777191682
24.01883055787666;24.947857382539297;25.161033509444884;25.872278550139153
24.12880240953788;24.899444332610422;25.104733617687163;25.867019640164536
24.224208364787494;25.100575649974992;24.9933985094611;25.681817475776413
24.049336650692922;24.935518945585788;25.15827836688212;25.856866036839172
24.03056394367673;24.949577725141538;25.155944215564112;25.86391411561762
24.067501812569812;25.024310319564147;25.087678902067946;25.820508965798094
24.296220988218337;25.153946631834295;24.82224552959572;25.727586850351646
24.236182819152166;25.53511838038915;24.76334045658772;25.465358343870964
23.974547848164747;26.299721029370275;23.803822002110564;25.921909120354407
23.085488590193787;26.455319339926092;23.97416470216099;26.485027367719127
23.063691574415742;26.443582795202953;23.972026829643298;26.520698800738007
23.851967529501895;26.27141741679803;24.500198889167173;25.376416164532905
23.704128507704862;26.584865074347586;24.402293158691045;25.308713259256503
24.450812965159756;26.159938611636385;24.229024011150134;25.16022441205373
23.526557192279395;26.014386124199685;25.334997886695575;25.12405879682535
23.756151820938996;26.413578419212087;24.43539287629138;25.394876883557533
23.79515865706631;26.41415145679839;24.199127176825183;25.59156270931011
23.741860372624096;25.830232953333404;24.575980099718343;25.851926574324153
23.850880230528695;26.342706102015214;24.26728660695797;25.539127060498124
23.779081520640464;26.432963875116023;24.27512210815076;25.51283249609276
23.8100605822225;26.428335020170092;24.251835933939955;25.509768463667452
24.831479749275154;25.39804067121824;24.489279615457594;25.281199964049012
24.94315888112415;25.301461867819036;24.52921748552042;25.226161765536396
24.814368713337196;25.327222114222614;24.443607169125382;25.414802003314808
24.75126365932842;25.324710950601;24.401088691113713;25.522936698956872
24.779793163439543;25.42156641644383;24.460839588904282;25.33780083121235
24.996812087668708;24.872427578461792;24.95609629508659;25.17466403878291
24.955737889837614;24.72523160976758;24.795119152129242;25.523911348265564
25.036457112139214;24.67617506276342;24.8663239221562;25.42104390294116
24.982611062388486;24.727825324341488;24.815526053164785;25.474037560105238
24.61250829262409;25.528255231891922;24.447017670828057;25.412218804655932
24.996966050100625;24.704189884811033;24.77498204912976;25.523862015958578
24.764512402892038;25.05366575483118;24.798234377791815;25.383587464484975
24.862615795258282;24.897943162191865;24.861634479510126;25.377806563039723
24.542880793891037;25.062573778280655;24.916609113485077;25.477936314343232
24.854115592737102;24.719206428286036;24.88371175312856;25.5429662258483
24.464492173070372;25.364721008217916;24.844205001751043;25.326581816960665
24.646271787083244;25.146163303681202;24.909235553626964;25.29832935560859
24.732212785656678;25.146813485004206;24.468428913740343;25.65254481559877
24.468107238457165;25.361298733720755;24.50416776466346;25.666426263158627
24.488812858507984;25.350403716115053;24.509643099852365;25.651140325524597
24.5816109250313;25.284033964971808;24.58190142256643;25.55245368743046
24.44421318664982;25.39478183304839;24.508436779900393;25.652568200401397
24.487819282445003;25.398789310497566;24.476893547910823;25.636497859146612
24.410468875078674;25.504592201506902;24.514656547324424;25.57028237609
24.449415201315652;25.470369049946523;24.43245201430658;25.647763734431244
24.8970636590341;25.38388344259862;24.741677069420557;24.97737582894672
24.839286348514804;25.392460961085394;24.711425763907798;25.056826926492004
24.55099790460453;25.879547746428877;24.383240606062508;25.186213742904084
24.79982699885134;25.39774817660721;24.73045803177492;25.07196679276653
24.84557066580135;25.406059175786893;24.696893713678868;25.051476444732884
24.79655052192129;25.461057788293353;24.66275511268315;25.07963657710221
24.84300208944685;25.211115162670094;24.700618730935968;25.245264016947093
24.7778276806282;24.97254538342292;24.330730336264722;25.918896599684167
25.23406785527285;25.31186860843147;24.556935064474047;24.897128471821635
25.237217624255102;25.25090560669538;24.552818502241408;24.95905826680811
24.920617297657376;25.036576489890578;25.272442421326623;24.770363791125423
24.85843461689256;25.35471992138841;24.68498290297126;25.101862558747772
24.876011197566513;25.354332444287696;24.6941609539974;25.07549540414839
24.833988896973892;25.39702731995746;24.692275204429;25.07670857863965
24.83088085884584;25.409568883771332;24.68419804930913;25.075352208073692
24.86359520701779;25.451840876753568;24.64634705612587;25.038216860102775
24.955257947658282;25.400805212845363;24.701359409087896;24.94257743040846
24.822754611740198;25.441573423832086;24.688350525855988;25.047321438571736
24.866132796266104;25.39001310699786;24.694902656564686;25.04895144017135
24.866200522718277;25.410312454315637;24.68578070791601;25.03770631505008
25.01057242927316;25.7847995575845;24.434510577851032;24.77011743529131
24.906170644321527;25.376515244275744;24.720907576088287;24.996406535314442
24.918516859495366;25.40829978723028;24.658890650509527;25.014292702764827
24.8761712929425;25.400050650505623;24.672391351720645;25.051386704831234
24.794691544576573;25.40449498599423;24.667176329353584;25.133637140075614
25.33988169629138;25.20231924440165;24.54553170814516;24.91226735116182
25.02065630517408;25.257225358115104;24.756255598945877;24.965862737764944
24.88435206315919;25.4014268385452;24.63763646456547;25.076584633730135
25.051125009395598;25.253292346929516;24.534561543107;25.161021100567883
24.887310014574222;25.36695815115553;24.715282115344575;25.030449718925674
24.84723403589152;25.396982774365583;24.659374951078362;25.09640823866453
24.857888032384913;25.399398824838503;24.71086697111439;25.031846171662192
25.765815252220087;24.960541975647715;24.664652567975832;24.608990204156367
26.68071623689905;24.173450316024336;24.25789332882;24.887940118256616
26.744156620598687;23.821122523542755;24.29087044130998;25.143850414548584
26.135092172828024;23.623851925738716;24.93961927924192;25.301436622191336
26.832962940330813;23.47852095802606;24.75854771637437;24.929968385268758
26.302503517318982;23.835450506353084;24.717479862468526;25.144566113859412
26.258318185094133;23.800219415905254;24.79527855409723;25.146183844903387
26.50768363520502;23.52074704051371;25.20722531310507;24.764344011176195
25.395456765568326;24.614329367745256;24.816223469439933;25.17399039724648
25.43837374034375;24.598213092405977;24.87420143807971;25.089211729170565
25.380534608498866;24.612102705593315;24.809732695750565;25.19762999015725
25.382768014419728;24.606478636680183;24.800294948998403;25.210458399901686
25.391922626494996;24.589022860195556;24.82933594586082;25.189718567448626
25.366940149821204;24.607219607263108;24.810287374822728;25.215552868092956
25.396645843775662;24.593114988775923;24.810380370443326;25.199858797005092
25.440337824963777;24.53108175771782;24.906615148064287;25.121965269254115
25.373358656592014;24.619980324374545;24.83586565920177;25.170795359831665
25.386741841523698;24.602911203604645;24.836791428816856;25.173555526054802
25.366261841872355;24.595002793084188;24.83247241973044;25.206262945313018
25.38042305201813;24.66257689402115;24.829180606518456;25.127819447442263
25.41228458504329;24.557803595001936;24.884839493174123;25.14507232678065
25.417167371894482;24.607297052917527;24.806731043985078;25.168804531202905
25.40753161811326;24.640646377682117;24.802491073514197;25.14933093069043
25.215154883018435;24.901862300874868;24.639152489242257;25.243830326864437
25.39993426004625;24.640423847654464;24.80632970726271;25.153312185036576
25.442517605123875;24.578046647061434;24.850112668930986;25.129323078883697
25.415729364050055;24.603755533607842;24.77674843450703;25.203766667835076
25.38085061108181;24.645332001073207;24.78151859150499;25.192298796339983
25.397816277840313;24.634079253078845;24.811796859606993;25.15630760947385
25.400312686412956;24.60806980470745;24.800672158822863;25.190945350056726
25.393423309840234;24.57040696112271;24.90399520492735;25.132174524109708
25.3747839041748;24.60038607876156;24.809294267439817;25.215535749623818
25.33852548166563;24.562616532007457;24.794321006836544;25.304536979490365
25.443535258230803;24.7219957838899;24.668284347394163;25.166184610485136
25.361339875342875;24.614611837666676;24.897938413404006;25.126109873586444
25.28393617041752;24.382615657917782;25.165184354015143;25.16826381764956
26.013488206880385;24.165444383498087;24.484647559581774;25.33641985003975
25.299009339612237;24.69862819523412;24.94542705495094;25.0569354102027
25.24521431905054;24.573116873599396;25.232871639994908;24.948797167355156
25.36639211357518;24.627235849666988;24.798594622785227;25.207777413972604
25.333663712029914;24.567785824501335;24.771644497505267;25.326905965963487
25.0563309160192;24.974221445211555;24.762264439173222;25.207183199596027
25.388743166851636;24.631426834887467;24.773065069322055;25.206764928938842
25.379971171947535;24.64610402378742;24.808710654239484;25.165214150025562
25.38737542563112;24.6119431752033;24.820256634394305;25.180424764771274
25.364426770910566;24.618184269057085;24.81795511221945;25.1994338478129
25.511928716945675;24.619639738520398;24.76660866084732;25.10182288368661
25.446287199805578;24.648714530846107;24.859338522833553;25.045659746514765
25.35681300068921;24.619050675119496;24.840881631559707;25.183254692631586
25.38498166753964;24.62819230830278;24.816278589908418;25.170547434249162
25.364987323573374;24.63216300836699;24.825572737317597;25.17727693074204
25.38492195283959;24.58385918299568;24.90401859847227;25.127200265692462
25.377666688592164;24.610744120051496;24.838456069134224;25.17313312222212
25.395416818917365;24.607367193889093;24.809730124758573;25.187485862434965
25.435271296578144;24.543648130257147;24.837830837380867;25.183249735783846
25.72075502958035;23.929366122155006;25.04423821675691;25.305640631507735
25.460372046871893;24.515468015960103;24.824941458613786;25.19921847855422
25.459293319421356;24.536461389549793;24.998160373887497;25.00608491714135
25.984015721749042;24.142560859895664;24.869391719828833;25.004031698526465
25.84764475191293;23.691123196374186;26.727003056113197;23.73422899559969
25.829975888620986;23.57221746908299;26.49856109512328;24.099245547172746
26.093679000822824;23.668562024881183;26.024168887469756;24.213590086826237
26.37868470089588;23.850083362826577;25.24315934452513;24.52807259175241
25.847355220545982;24.517043776215512;24.868553199031133;24.76704780420737
25.527277977915265;24.625680358681183;24.74192869449448;25.105112968909076
25.512796046963615;24.61513663135935;24.738159511021106;25.13390781065593
25.498758882957667;24.62905212691578;24.72430924715431;25.147879742972247
25.582670587998752;24.54153133013948;24.68775875399612;25.188039327865646
25.522329204792793;24.58649908248905;24.76751731782517;25.123654394892984
25.5162565217119;24.611515793033902;24.79816358614297;25.074064099111233
25.513305827328214;24.61144390315076;24.73432927768366;25.140920991837362
25.475348924554496;24.623912649814557;24.763080059825217;25.13765836580573
25.462631648458306;24.65638562209943;24.85756320200993;25.023419527432328
25.68945720776854;24.597303398628217;24.678699903332646;25.034539490270596
25.49550440353647;24.644119923487914;24.740100993225067;25.120274679750555
25.498680860758995;24.612760814795493;24.76894425935037;25.119614065095146
25.508976560647145;24.61546374372441;24.73661802398512;25.138941671643327
25.374987795875093;24.871235776841797;24.85051017524267;24.903266252040442
25.476307899454376;24.604087895227135;24.79681861237015;25.122785592948343
25.470285761914223;24.6281312312062;24.753156075886874;25.148426930992695
25.326587998080857;24.784552129578458;24.649726400942566;25.239133471398116
25.459649469938444;24.61022157778719;24.784435451209294;25.145693501065068
25.469973060202772;24.53320636318941;24.990267862543444;25.006552714064373
25.45961147856882;24.613301390552575;24.77272595756008;25.154361173318517
25.4730539704523;24.610238805287622;24.77323133506887;25.143475889191215
25.463415398108125;24.620841947002443;24.776201215310405;25.139541439579027
25.485120872526124;24.6092027501272;24.80098107004475;25.104695307301927
25.549203414646254;24.593176911432614;24.85451770603271;25.00310196788843
25.58404980096408;24.580544434750802;24.856504852434472;24.978900911850644
25.486302638754438;24.60671782574775;24.807892518962866;25.099087016534945
25.43975869651012;24.703695351211845;24.73783616169589;25.11870979058215
25.397631215480743;24.537178055301723;24.749591852851065;25.31559887636647
25.476663209364354;24.550600088902062;24.783819825159284;25.188916876574307
25.484886132217845;24.599101341783264;24.81205573107878;25.103956794920112
25.35023549453853;24.801917359788888;24.84834819788222;24.99949894779036
25.467042220519104;24.683553572561788;24.77142145831401;25.0779827486051
25.477525539515415;24.610606530226324;24.77935674546895;25.132511184789312
25.483781380078753;24.591434928800737;24.750298385576983;25.174485305543527
25.474397578111912;24.601489767002263;24.82988383461276;25.094228820273063
25.493249513259002;24.5965919345539;24.77659426643859;25.133564285748513
25.47872340425532;24.61101578586136;24.75926561427591;25.15099519560741
25.49049307420997;24.594978068073978;24.763447408199664;25.151081449516383
25.51516268844658;24.593191921581177;24.780160149157165;25.111485240815078
25.505322076668392;24.594034645011416;24.787808478628428;25.11283479969177
25.473917567750988;24.600384911202447;24.776831547405678;25.148865973640895
25.48770369906545;24.59948967611653;24.769806358698204;25.14300026611982
25.486044333632986;24.602754486141432;24.771425260210297;25.139775920015282
25.556744413839144;24.6876647461233;24.690628226684428;25.06496261335313
25.56184919167904;24.647645938361322;24.81981227608594;24.970692593873693
25.211812423703606;24.641728789223542;25.438694805332496;24.70776398174036
25.34530455569936;24.496014101211504;24.845981567620747;25.31269977546839
25.418235204914;24.552852031642395;24.92480181842118;25.104110945022423
25.10513711818458;25.742973219044803;24.48081773597513;24.67107192679549
25.47374272469484;24.592103129828836;24.787489949407885;25.146664196068443
25.486301674651795;24.57644214367296;24.82074254268211;25.116513638993133
25.46995366107123;24.60475075721434;24.771911138724626;25.1533844429898
25.536003857809465;24.605590987098086;24.852377327805065;25.006027827287387
25.47594105419651;24.54076914891863;24.88036843375191;25.102921363132946
25.475817070635255;24.53688849645656;24.982225039977617;25.005069392930572
25.42765553430569;24.56642323843489;24.78584894745081;25.220072279808615
25.471885480170315;24.559986532419607;24.739491220537303;25.228636766872782
25.53036066036263;24.584250643586554;24.759316261706726;25.126072434344092
25.63748490991504;24.538328815798465;24.85223105482541;24.971955219461083
25.481845652820617;24.611313782899373;24.727489079209004;25.179351485071006
25.513789979084283;24.609418001066956;24.756900634810417;25.119891385038347
25.477751540595772;24.600907036685086;24.755999504212603;25.165341918506535
25.50242819856592;24.620123515889432;24.83004301573635;25.047405269808298
25.49674332048385;24.591785192077626;24.75342283663432;25.158048650804197
25.504380299222586;24.5736743625275;24.787561359419406;25.13438397883051
25.414051832790673;24.657500525154923;24.69475370234219;25.233693939712214
25.393863698484527;24.83713973334953;24.79291311082091;24.976083457345037
25.497868802221845;24.606815975518547;24.73989529379242;25.155419928467186
25.508638638273002;24.57693893205454;24.91507469773898;24.99934773193348
25.50133842123249;24.59078482742909;24.742140334890077;25.165736416448343
25.505547402659936;24.456722497631986;24.805995420643896;25.23173467906418
25.500930267172734;24.615018233236587;24.747785964128898;25.13626553546178
25.41186346868355;24.60534992174528;24.58204563931856;25.40074097025261
25.83992915259866;24.640689286175533;24.5912437039907;24.928137857235104
25.64345998924949;24.516285163130867;24.651248292600066;25.18900655501958
25.35007612729359;24.380899083658736;25.308338986866087;24.960685802181587
25.4638757504248;24.606101468670296;24.82080043041949;25.109222350485418
25.47513229226539;24.5757337801992;24.774070985830356;25.17506294170505
25.456307402190742;24.583706799213104;24.716990466434634;25.24299533216152
25.38371042732766;24.658549370542445;24.614496732762696;25.343243469367195
25.510312058824287;24.57524538080158;24.770620891500776;25.14382166887335
25.505315476029462;24.60224692226321;24.73436857099332;25.158069030714014
25.500133802969703;24.590635238639404;24.740169098023333;25.16906186036756
25.27128006881756;24.912423435281436;24.873039891384334;24.94325660451667
25.447582607641277;24.653377141500265;24.668702140952945;25.23033810990551
25.478377299100323;24.554117435186708;24.795596376249872;25.17190888946309
25.340163527014266;24.741227198170883;24.59832745166261;25.320281823152246
25.489741690492068;24.517722258633658;24.862201282093206;25.130334768781072
25.67062356323203;24.435457970037703;24.75204133778227;25.141877128947996
25.63643577846183;24.54863835083822;24.70934393350014;25.105581937199812
25.51623848763936;24.5838584585555;24.76030053320407;25.139602520601066
25.500862303860544;24.59042606131902;24.752770875177234;25.1559407596432
25.47680519696843;24.613808611643208;24.76871824768885;25.14066794369951
25.468040566123346;24.555897326778837;24.83407754625646;25.14198456084136
25.47868175670866;24.556907964979715;24.775428856146345;25.18898142216528
25.496212780989186;24.605935507396186;24.75797774062637;25.13987397098826
25.49622796112116;24.58447530515371;24.743586121157325;25.175710612567816
25.448518383856744;24.752590555833294;24.736399581875197;25.062491478434758
25.503572147246295;24.60443849789909;24.741300845294905;25.15068850955971
25.50828978304036;24.57606987537916;24.762148399907417;25.15349194167306
25.494483505382554;24.596933613259598;24.76508301771701;25.14349986364084
25.355955466423257;25.038643738048762;24.632551352863967;24.972849442664018
25.513151011893388;24.57721618904129;24.74072287496124;25.16890992410408
25.515351014431083;24.597606918908095;24.76469704744859;25.122345019212233
25.521598451414057;24.602595384938247;24.73712565659856;25.138680507049138
25.48872240695485;24.583630463523097;24.76134770241577;25.16629942710629
25.496289708268556;24.569565424018794;24.74642379474924;25.187721072963416
25.465089698666343;24.596755253689558;24.76678973029338;25.17136531735072
25.493647533504326;24.594115714764467;24.73530007067513;25.176936681056077
25.496170201613168;24.60031188777282;24.75265202890859;25.150865881705425
25.50435596400828;24.590262914960586;24.769013945758196;25.136367175272934
25.405455635998074;24.503560778218006;24.839448184974614;25.251535400809306
25.630404041494405;24.590075454182365;24.802728872289208;24.976791632034022
25.49173728524447;24.498164599282216;24.696442461210953;25.313655654262362
25.50012383410825;24.58528340137826;24.757119184584315;25.157473579929174
25.45061744177128;24.72792507180051;24.719615814008982;25.10184167241923
25.510350383701557;24.61322609716798;24.735266406314008;25.141157112816455
25.524880837298447;24.583017728285323;24.726138514696387;25.165962919719842
25.78857425479456;24.495998996058052;24.637178332570535;25.078248416576855
25.292933081942294;25.28330849037047;24.541968154941117;24.88179027274612
25.509532892944065;24.5872525159508;24.750127637715615;25.153086953389526
25.50396102359403;24.590286017843223;24.73889680486808;25.166856153694667
25.517889726592717;24.58981505128006;24.763216042460108;25.129079179667112
25.54307156920439;24.57571398472861;24.806746438249675;25.074468007817323
25.492674977319314;24.589017506132187;24.78852357111656;25.129783945431942
25.486005569771425;24.60668338835071;24.798471096057472;25.108839945820392
25.48790809660375;24.614124614124613;24.752450839407363;25.145516449864274
25.508249610424187;24.60098823050359;24.74757836542603;25.143183793646195
25.521363358529943;24.562580536950634;24.749660111892936;25.166395992626484
25.502182283330445;24.59584369837566;24.73661543603885;25.16535858225505
25.621974890051842;24.601852534335766;24.864131102429916;24.912041473182477
25.873005486584933;24.50800184802933;24.614878222402;25.00411444298373
25.563188844857223;24.64889419308992;24.69071577812799;25.097201183924874
25.42134660549789;24.82111783102328;24.75540601384816;25.002129549630673
25.501060221190013;24.596191973640114;24.760471446066532;25.142276359103338
25.497430821682894;24.594264021637162;24.757137868012673;25.15116728866727
25.507650745144932;24.583139573506944;24.766104209570628;25.1431054717775
25.585986599316897;24.83751923122044;24.58663350572998;24.98986066373268
25.521847464387214;24.592875823630788;24.73843237507377;25.146844336908224
25.486105599709752;24.58985725785422;24.76162401786828;25.16241312456775
25.503473483995737;24.595528343593955;24.772260343785398;25.128737828624914
25.48782108088794;24.62653163629515;24.74391570018304;25.141731582633863
25.38236115569154;24.49550003960132;24.716850569633706;25.40528823507343
25.507511522358655;24.596277662456462;24.74789866690792;25.148312148276965
25.51880680212375;24.590953609117847;24.743640561760007;25.146599026998395
25.484735132798562;24.582664237382286;24.78514673345303;25.147453896366123
25.494213319192642;24.600160936845267;24.770924571051392;25.134701172910695
25.48147373922132;24.60726417559446;24.754010974653777;25.157251110530442
25.486612654698032;24.61127996638097;24.74191204975095;25.160195329170048
25.48783568891465;24.59427526862544;24.75831141230847;25.159577630151443
25.480018753964533;24.651534791362145;24.772332386441988;25.096114068231334
25.52339340979428;24.587136875503887;24.75358248159996;25.135887233101872
25.47994132278844;24.59941869470538;24.761783276994706;25.158856705511468
25.49889422498589;24.58429336812592;24.767509646614663;25.149302760273528
25.633593391463975;24.816888480954567;24.680495640201926;24.86902248737953
25.494210648156933;24.594214063703742;24.76594016720999;25.145635120929335
25.504868806063225;24.579076126061302;24.755268236344648;25.160786831530825
25.478263606421404;24.580888710331383;24.741035045201997;25.199812638045216
25.514558046019808;24.599932980862313;24.71237620075955;25.17313277235833
25.500166598793083;24.616082336825738;24.7545444448558;25.12920661952538
25.515545510097404;24.616055717935314;24.737717832242485;25.130680939724797
25.50630056741301;24.620378980661183;24.722836285477236;25.15048416644857
25.494884773567517;24.599274022039666;24.749592188493942;25.156249015898872
25.432926778779674;24.594977271033606;24.77929304220384;25.192802907982877
25.506658405864176;24.585155935088007;24.749936551065197;25.158249107982623
25.47560138493916;24.57682414440782;24.790675044693707;25.15689942595931
25.482334465478225;24.605076503116795;24.775268622054973;25.13732040935001
25.473065105201954;24.58340918970533;24.75840519563513;25.185120509457587
25.491873227860296;24.662089089715003;24.760601377205713;25.085436305218987
25.487861212338963;24.560214888193123;24.814624715563998;25.137299183903917
25.4586129753915;24.583562548135106;24.837532548501855;25.12029192797154
25.419722133202633;24.51392161667955;24.71053971006843;25.355816540049393
25.540955559606783;24.836100632458734;24.5992791933697;25.023664614564783
25.251092343333042;24.798576288085393;24.822585847922348;25.127745520659218
25.69284088686962;24.56740350570624;24.57385240752067;25.16590319990347
25.86640461111883;24.46215745832589;24.67507759094188;24.996360339613403
25.542937060869917;24.513504375827917;24.88134365722035;25.06221490608182
26.011271064920678;24.28070891463617;24.694309260092666;25.013710760350484
25.456308706855946;24.606958465332358;24.78299821743588;25.153734610375817
25.352830397695804;24.836047413315608;24.649939071673867;25.16118311731472
25.504221259296493;24.488990970431004;24.665472997516044;25.34131477275646
25.47874790696314;24.40883133596075;24.964171596118835;25.148249160957274
25.2150456635746;24.455839413440085;25.371083801447746;24.95803112153757
25.497824530927048;24.55103304621967;24.84779758888862;25.103344833964663
25.480617424094156;24.581620803486384;24.805260891689827;25.132500880729637
25.494094367911714;24.554707977107547;24.768247611975138;25.182950043005597
25.488384818033428;24.608139388331637;24.759534839397862;25.143940954237078
25.47372277088506;24.569940019167223;24.77715326009332;25.179183949854394
25.481479554193516;24.5760396668903;24.77322187551688;25.1692589033993
25.485556084715892;24.61312099384959;24.739687087108233;25.16163583432628
25.31617776216406;25.066785233327476;24.640457579483577;24.976579425024884
25.465369100164402;24.58577253545787;24.783018998573574;25.16583936580415
