24.744669524147533;23.832072947664418;25.344604002293263;26.078653525894786
25.10746758573083;24.99327106971882;25.409150919076;24.490110425474345
24.950643975144793;25.2634443774155;24.970801172173754;24.815110475265957
25.024214833101038;25.0455104127525;25.038698821370133;24.89157593277633
24.908272258337185;25.047528043850818;25.01640201552097;25.027797682291027
24.920382675179763;25.213137997464745;25.057423489623865;24.809055837731627
25.087226707652803;25.08159420021481;24.99722232509907;24.833956767033317
24.885750993000386;25.034348733387112;25.145128081262445;24.934772192350053
25.036913364877663;24.99299389289436;25.167442986936333;24.802649755291643
25.078796858087088;25.076446807122547;24.99973693459352;24.845019400196843
24.901006692727;25.077549396825226;25.108918554991437;24.91252535545633
24.985690935805554;25.072885663694244;24.979206575069334;24.962216825430865
25.079362094392614;25.1334274081848;24.956114877400122;24.831095620022463
24.92734540002533;25.237931691554266;24.99816485567398;24.836558052746422
24.9383823262582;25.083358772506507;25.113170023981418;24.86508887725387
24.919327335234954;25.114516918783448;25.118269135749266;24.847886610232333
24.919192604559985;25.248767212717926;24.968925875054325;24.863114307667765
24.98338252501143;25.078270715525875;25.01502427225834;24.92332248720436
25.07671312580222;25.093634601384124;24.975513199481902;24.854139073331755
24.94229203297428;25.126370320321488;24.967378413745404;24.96395923295882
25.078054746371453;25.098464000322213;24.97027684552712;24.853204407779216
25.069388174738748;25.04982450015551;24.96276799737869;24.918019327727052
24.932533852546914;25.254314973321275;24.99455129852874;24.818599875603066
24.957116840045156;25.24533222106799;25.00719881455141;24.790352124335445
24.93537136946944;25.185534523459975;24.974445191406932;24.904648915663653
25.06254909376546;25.094405492683208;25.010836994152385;24.832208419398945
24.95676328582155;25.105904732141447;25.135028762731217;24.802303219305784
25.092833848921735;25.06553032348904;24.998109612666152;24.84352621492307
24.91365584085413;25.237750531770082;24.965653613863793;24.88294001351199
24.95063620864871;25.077601432979822;24.999195104111863;24.9725672542596
24.936405097394605;25.0524743810288;25.06027174173359;24.950848779843003
24.921392238009005;25.076626131520257;24.955320714853745;25.046660915616993
24.948740668447368;25.06895218364039;25.00806166244321;24.974245485469034
25.076439225395912;25.101482883594084;24.974021876943688;24.848056014066312
25.089461445446936;25.073909403776394;25.00083713142963;24.83579201934704
24.974712384649;24.98801872969995;25.036648046432102;25.00062083921895
24.94974167500424;25.07971464077641;24.99751270198816;24.97303098223119
24.989406787605528;25.127437282557914;25.03080468666215;24.852351243174407
24.93405671067101;25.053950219649817;25.130110860589213;24.881882209089966
25.0875933629857;25.05578550790663;24.990596264281688;24.866024864825985
24.951294291785512;25.07354654400074;24.99649680520963;24.978662359004115
24.91767137187024;25.236951266823837;24.98481751171327;24.860559849592647
24.919675842509633;25.184167888492464;24.970187909013635;24.925968359984267
24.946133455132042;25.08211556321922;24.997387105280875;24.974363876367864
25.004029698600778;25.060797498659547;24.983612559023506;24.951560243716173
24.942611247111877;25.082855420700756;24.981997700339345;24.99253563184802
24.90901185891501;25.101214876565724;24.959195511711197;25.03057775280807
24.971055143527344;25.056384128733473;25.017464776857363;24.95509595088182
25.084114196405395;25.081357880437714;24.994459432429846;24.840068490727045
25.075222965832516;25.036824631809225;25.00405459746919;24.883897804889067
24.941287023706707;25.23521007912522;24.995545785468128;24.827957111699945
25.09384476317278;25.077035084360094;24.99183635907552;24.837283793391606
24.931565387915462;25.210785317237917;25.005285713806284;24.85236358104034
24.962396178343006;25.034092899733245;24.959957011532826;25.043553910390926
24.908530607031512;25.0855147525766;25.043418503280453;24.962536137111442
24.930534902652088;25.080389681981064;25.12885240495332;24.860223010413527
24.90892504967389;25.08523965342768;24.956346070038336;25.049489226860093
24.935915352066555;25.06869289797484;24.997920667664246;24.997471082294354
24.973446379596854;25.120036380796044;25.046098953896372;24.860418285710725
24.930881896986524;25.099694380108843;24.96381569077382;25.00560803213081
25.14589354636029;25.056960775513872;24.943685486042547;24.853460192083297
25.08677645128844;25.098301741067154;25.001459371108343;24.813462436536067
24.91487653816589;25.11571947211437;25.018034083400842;24.9513699063189
24.884857838817958;25.03357566174903;25.121576159865057;24.959990339567963
24.952111535329667;25.078078226808508;25.012491059606024;24.957319178255798
24.960330053951125;25.256373240304825;24.990395697272376;24.79290100847167
24.922327488941022;25.076848684564002;25.163350466536528;24.83747335995845
24.964935673736925;25.03993254416827;24.97057453617537;25.02455724591944
24.96829023331932;25.05544902008932;25.1407579949054;24.835502751685958
24.94900574196088;25.228787057189333;24.97856978376652;24.84363741708326
25.07052511093619;25.042733239854947;24.99577200896001;24.890969640248848
25.067473615078523;25.126353764516267;24.9723400648513;24.833832555553908
25.09674292565012;25.07824960950219;25.003075967391748;24.82193149745595
25.099009900990097;25.070532263310362;24.99565082558676;24.834807010112776
24.911540520089325;25.055829319159145;24.951479246258053;25.081150914493477
24.9582287422746;25.080293536412213;25.147283946617694;24.814193774695497
24.932603083868457;25.091356642059804;25.160066543928156;24.815973730143583
24.939458334675376;25.167692735224872;24.986123917721763;24.90672501237799
24.973093667166488;25.09910516514629;25.021253828898498;24.906547338788723
24.948036512829418;25.21222946424695;25.013194384144487;24.826539638779145
25.01186489395124;25.08335134420522;25.032549544752;24.87223421709154
24.986195533669893;25.08362571056772;24.972967027576974;24.957211728185413
24.980258785530047;25.10534471084408;25.045725691457417;24.86867081216846
24.982836524199392;25.105977652165667;25.04975490839083;24.861430915244114
24.967033196319402;25.110132771367567;25.051606262301696;24.871227770011338
24.94882991799815;25.06703113680327;25.00991561604376;24.97422332915482
24.96290242260814;25.08334397706121;25.1121537978017;24.84159980252895
24.968884444240846;25.10611899147554;25.04769240205879;24.877304162224824
24.942818609405247;25.06326548328945;25.06035964797258;24.933556259332725
24.982562022310717;25.110840086229043;25.04527405118565;24.861323840274594
25.00485572607819;25.128382454643106;25.03101043245391;24.835751386824796
24.98523660644945;25.104151127938646;25.043213683205256;24.86739858240665
24.91653463570597;25.192091805142397;24.96731343267225;24.92406012647939
24.95774100738882;25.14099648855944;25.05613018679192;24.84513231725982
24.95852495707363;25.127707885769734;25.01391716187344;24.899849995283198
24.917038094966628;25.27626464397641;24.948880164303578;24.857817096753383
24.54026309527856;26.914612338698014;24.311119464611703;24.234005101411718
24.513859568053963;26.90890798807531;24.333793052380205;24.243439391490522
24.50317005077136;26.89572097430605;24.34035143050076;24.260757544421825
24.476811988363632;26.92394497359319;24.29857136957998;24.300671668463195
24.53168757694905;26.898240379238093;24.329980870416033;24.240091173396827
24.525380730112744;26.030573042098666;24.927762832156844;24.516283395631746
24.483788164946727;26.04935409042019;24.885964383639067;24.580893360994015
24.52448897525378;26.1003380102714;24.92651247423723;24.44866054023759
24.517607471035937;26.09141397080737;24.940496297702794;24.450482260453896
24.523275024022386;26.077109053208886;24.922418927955313;24.477196994813415
24.426248172383215;26.230229114567937;24.883818167775885;24.459704545272963
24.515665702035076;26.083265586841524;24.92580574196056;24.47526296916284
24.51493832168183;26.092595671732894;24.931010586790396;24.461455419794888
24.489384860430725;26.100178803561754;24.880377325951248;24.530059010056277
24.514285081033922;26.08499419207362;24.937009436746997;24.463711290145465
24.518016759633966;26.108300296000436;24.91960282382853;24.454080120537068
24.52607976578959;26.07915923638996;24.918149015294578;24.476611982525874
24.544610528586208;26.025895699370654;24.905839851371383;24.523653920671755
24.524078702383548;26.049784457453413;24.922186624620494;24.503950215542545
24.534959708161498;26.075031699652683;24.913103285065596;24.47690530712022
24.512502634746763;26.0527820526403;24.948015661931443;24.48669965068149
24.49548648094784;26.08347227247082;24.913474018170454;24.50756722841088
24.51329017911826;26.048034975643308;24.97528526066842;24.463389584570013
24.99516449508537;25.53074957815511;24.949414431751652;24.524671495007873
24.96590884231047;25.49181725403234;24.96320030113422;24.57907360252297
25.001378797565966;25.51817255191939;24.925493864861497;24.554954785653152
25.005245406902255;25.554791143026534;24.944262356133702;24.49570109393751
25.002590764217132;25.548533927348636;24.944510995336625;24.504364313097604
24.928271249436186;25.394668721334106;24.999626729241893;24.67743329998781
25.00534430624714;25.418831550744684;25.048790693659996;24.527033449348178
25.007156855593347;25.540779364716425;24.940614956265023;24.5114488234252
25.030450019611877;25.01941611420021;24.904948243864972;25.04518562232294
24.935552999708708;25.102910064125624;24.99818796232603;24.963348973839647
24.976414920569937;25.040162707416556;25.005277612001496;24.978144760012004
24.999391992702503;25.062624751642236;24.946592286519824;24.991390969135434
24.961459434665404;25.0473483714794;24.966932246250526;25.024259947604673
24.997413165845327;25.071332158431275;24.95992473221721;24.971329943506188
24.986665159324367;25.05391318050938;24.963404127034696;24.996017533131553
24.96348989828165;25.0217077520401;24.988278522144743;25.026523827533502
25.00231813573961;25.053542858075566;24.961095257493657;24.983043748691163
24.956299223755703;25.200759498236515;24.91968331912065;24.923257958887135
24.9893345808954;25.075173171370103;24.952718359428403;24.9827738883061
24.95838533394004;25.031625784858896;24.933949161189233;25.076039720011828
25.001272726772395;25.06415230893275;24.966289939542037;24.968285024752817
25.000657336921538;25.063181176056;24.946328867198478;24.989832619823986
24.96330670127501;25.059787939571702;24.87780011836217;25.09910524079112
24.992066295625573;25.04381741743613;24.96642781446681;24.997688472471484
24.998885567307962;25.073741153976194;24.952833779449314;24.97453949926653
24.99510529194233;25.068585917984926;24.963936888268645;24.9723719018041
24.968025603891228;25.131333689469535;24.950997418351033;24.949643288288197
24.98347247979215;24.970626127200358;25.06179162679434;24.98410976621315
24.999594459541523;25.05629959495324;24.960521517976726;24.98358442752851
24.97146756540111;25.07006877252092;24.995803323370573;24.962660338707394
24.980099681492103;25.113636558332864;24.94919122295724;24.95707253721779
24.982177407586107;25.06418577111253;24.980990398492917;24.97264642280845
25.04582586373435;25.08494673310493;24.88483878101522;24.984388622145502
24.940832500822737;25.18985272808164;24.81014727191836;25.05916749917726
25.093008429205295;25.106507920826708;24.79503783232527;25.00544581764273
25.086504648875103;25.103995087377434;24.849705670344527;24.95979459340294
25.008994188745053;25.260727092305775;24.886833273140116;24.843445445809056
24.995265706867112;25.154888050960277;24.926535467996334;24.923310774176272
24.988576674764925;25.101368830701396;24.966889931164797;24.943164563368875
24.97614928509011;25.092650854073035;24.96548101659765;24.965718844239206
24.94377808538639;25.133548356301695;24.946710216773155;24.97596334153876
24.982778831035926;25.03971621425114;24.977829238370337;24.999675716342598
24.938588050875538;24.818870593632912;24.935401957535746;25.3071393979558
24.973233435659075;24.95539869462414;25.039051434583786;25.032316435132994
24.96212715575653;25.044363294010243;24.991227194271286;25.002282355961942
24.9965871747901;25.10429968316046;25.026681314296862;24.872431827752585
25.00351687513921;25.171284844742985;25.03920664507045;24.785991635047356
24.961217670467455;25.10833561536086;25.115800758604216;24.814645955567467
24.99945769303895;25.18645789337352;25.023765805057874;24.79031860852966
24.99135418120543;25.18103378847936;25.03654202232352;24.79107000799169
25.000226102528107;25.19874412220389;25.033028361605425;24.768001413662578
25.01852948802885;25.221673649576488;25.006957777680896;24.75283908471377
24.996570026885443;25.191905263449655;25.036794257047035;24.774730452617867
25.024247229666567;25.164443556581368;25.022490301921525;24.788818911830532
24.95985824683124;25.205621307307176;24.988211600329223;24.84630884553236
24.997616875246823;25.17312700412781;25.027736367925623;24.80151975269974
24.997395551215632;25.18174006859124;25.03132016615048;24.789544214042653
24.99438811947612;24.9453091773256;25.016071625422526;25.044231077775752
24.961435593604065;25.031081760378814;24.98660158683259;25.02088105918453
25.004500456147927;25.017247510849405;25.01467097851613;24.96358105448654
25.00886199605126;25.00772848492843;25.012434273529287;24.97097524549103
24.9897186797343;25.026758895315904;25.01165445151988;24.97186797342991
25.00198545318949;24.97867129041505;24.9816366883118;25.037706568083664
25.017400269954347;25.003909964814024;25.020587539850137;24.95810222538149
24.998754635117855;25.024866599444096;24.990940580955392;24.985438184482657
25.018635327349685;25.00047224026422;24.965381156015106;25.01551127637099
25.00441082016005;24.98553661296355;24.990775941382644;25.019276625493752
24.948872477207875;25.043332295101845;25.089186575632898;24.91860865205738
24.963809017171315;24.99787316123938;25.013047504723318;25.02527031686599
24.96697863989735;25.009141874077677;24.972509311047546;25.05137017497742
24.995106025857268;25.035966012417198;25.01095806077684;24.957969900948697
24.995103635976246;25.039988407062193;25.009870174930132;24.95503778203143
24.948098924114618;24.998084674089846;24.95695198609933;25.096864415696206
24.982097628839323;25.03574885562678;25.008587922065633;24.973565593468262
24.476665393024614;25.219820460004684;25.17950148466925;25.12401266230146
24.615396834521924;25.004803284690308;25.597195789448207;24.782604091339564
25.18996608144229;24.725134939725418;25.77744731872693;24.307451660105357
25.216815474062386;24.710171180146727;25.831589434595454;24.241423911195433
25.210646232439338;24.682094508301404;25.830375478927202;24.276883780332057
25.221295733540543;24.62360188187924;25.744566355112187;24.410536029468037
25.21283765970744;24.688514552745605;25.837750037501284;24.260897750045675
25.187477165163425;24.73372686420659;25.798272213139732;24.280523757490247
25.24963489174118;24.65003246119082;25.760081240594484;24.340251406473516
25.185901793253123;24.888245550397333;25.060316158786573;24.865536497562967
25.215798254920013;24.875186036640986;25.0662891622265;24.8427265462125
25.236166322749913;24.848177373641384;25.07820563652674;24.83745066708196
25.219681352852803;24.85520009147765;25.07909005148794;24.846028504181607
25.217821150000102;24.883617946378365;25.02898995495486;24.86957094866667
25.058328955130886;25.01797685887984;25.04025121601042;24.883442969978848
25.16420750280543;24.802623578119007;25.013635659252092;25.019533259823472
25.234998873896764;24.736112326620542;25.013552642111947;25.015336157370747
25.21335713261166;24.879219210505656;25.09363465203419;24.813789004848495
25.290916821492214;24.7822996155663;25.06943446570542;24.857349097236064
25.193535585321865;24.87330108722559;25.091099838507514;24.842063488945033
25.1780602490781;24.834621144886864;25.041444265784047;24.945874340250988
25.211360455674235;24.87596078689565;25.078880329803344;24.833798427626768
25.213085434379295;24.840703121871787;25.044645836392025;24.901565607356886
24.56527127517951;24.987633227881332;24.81387963762794;25.633215859311214
24.168510618395675;24.67382801527103;24.470064100790843;26.68759726554245
24.316523511496843;24.84073446740851;24.87741773394134;25.965324287153308
24.340190698702195;24.75541604481618;24.982068146750102;25.922325109731524
24.302722307921897;24.796450501235853;24.963702765331405;25.937124425510845
24.404393985194677;24.85293801514821;24.546725304799484;26.195942694857628
24.53245578141119;25.05697996522383;23.24206255439074;27.16850169897424
24.51882850866865;25.007888613456586;24.70557658808816;25.767706289786602
23.574616452100237;24.939820171678768;26.160676874108642;25.32488650211235
23.446724826879223;25.114918722149;26.316743028096823;25.121613422874955
24.82192515013465;25.341366873289434;24.0094188350342;25.82728914154172
24.17451472975279;25.82781686926774;23.1752509197414;26.82241748123807
24.280826547045383;25.527199907616367;24.65617981149084;25.535793733847413
24.30272895192976;25.591778762593748;24.564029240972456;25.541463044504038
24.502423016138817;24.669985094892994;25.020249759517387;25.8073421294508
24.379682965793794;24.452425359614985;25.02862315649592;26.1392685180953
24.24793979500408;24.576378688551877;24.904817582099678;26.270863934344362
24.601909308169827;25.056667768924818;24.74292445713786;25.598498465767495
24.568533548361383;25.044548813658597;24.66176114673412;25.725156491245905
24.633530099523767;24.99506658681952;24.624461744660223;25.74694156899649
24.692203628590125;24.98487548511624;24.784508734003143;25.53841215229049
24.650577922609035;25.07859900473624;24.703712791616578;25.567110281038147
24.691525936894244;25.016528036161805;24.64682040795569;25.645125618988256
24.80088045925;25.03039041618573;24.63279046015756;25.53593866440672
24.597993932896436;25.062027938770083;24.937837714383978;25.402140413949503
26.119845913216512;23.275412205083946;25.846308898984844;24.758432982714698
24.50674235950907;24.700004790034257;25.902573793568067;24.890679056888608
24.451130268251475;24.71116578890881;25.961245163047142;24.87645877979257
24.452881607732763;24.701856715706864;25.955703978586964;24.88955769797341
24.43631390380895;24.706141350617873;25.888121942523835;24.969422803049344
24.458565569337768;24.736198314439314;25.937419027024838;24.86781708919808
24.399049939148153;24.92926354029733;25.829748932806968;24.841937587747548
24.411776907872706;24.78586160607129;25.963048625454505;24.8393128606015
24.527490532547162;24.697810519113034;25.897740523523073;24.876958424816735
24.45750317501126;24.749082291265964;25.939020453451533;24.854394080271245
24.546613666648945;24.54299685991454;25.95342075837901;24.956968715057506
24.589791648897847;24.318977514556565;26.48018594678854;24.611044889757046
24.943318829484845;24.358033261350577;25.936428918313336;24.76221899085124
24.91370951389017;24.26482570464726;25.80813685549431;25.013327925968255
24.888507352627325;24.272758850602795;25.815000213418273;25.02373358335161
24.779357120613664;24.267958117936143;25.853069153097923;25.09961560835227
24.80940476755113;24.27723041055819;25.88007741419021;25.033287407700467
24.855039300294933;24.274252132095484;25.82556044690465;25.045148120704937
24.76150740529005;24.290345603874684;25.870152650884336;25.077994339950926
24.820389050146733;24.266248449178995;25.867548587531907;25.04581391314236
24.83556425345253;24.26174515392431;25.866195873482845;25.03649471914031
24.787197809297464;24.261376014575593;25.927040904864885;25.024385271262062
24.935839844536556;24.9440040183844;24.946383710313143;25.173772426765893
25.01051920139103;24.95363487888624;24.98882105775518;25.047024861967554
25.087764630756226;24.90926889740145;24.962392162893654;25.040574308948678
24.9945923999594;24.887210413392648;24.948251542653537;25.169945643994414
25.05830067994095;24.901613158175973;24.918720379820954;25.12136578206212
25.026269299726145;25.033953069896036;25.004892657073995;24.934884973303824
25.14139342711636;24.928489810743933;24.893340093379443;25.036776668760265
24.986212909866406;24.964754403821903;24.954525849274024;25.094506837037667
25.061257407529396;24.977753137312167;24.945044442320558;25.015945012837875
25.030496133695333;24.936259768698417;24.981193901704167;25.05205019590208
25.009608905272636;24.98254901864449;24.92578372574578;25.082058350337093
25.0227666701011;24.90957501613279;24.964272867443572;25.103385446322534
25.019596186980426;24.94717831585088;24.979681116762144;25.053544380406557
25.022363368171934;24.990033918084375;24.957259056514552;25.03034365722914
25.033703238588156;24.93164103999402;24.90654678082784;25.128108940589982
25.04913102496815;24.92843325721864;24.988011089601073;25.034424628212136
25.056690935756276;24.960479400101256;24.941309161536285;25.04152050260618
25.11367378051682;24.943329647301997;24.926123938204096;25.016872633977087
25.06062875394258;24.90075283394161;24.940017169828234;25.09860124228757
25.026101282554762;24.97930370125081;24.969656831420608;25.02493818477382
25.0134816197415;24.934265219398625;24.98895229750379;25.06330086335608
25.066650225143437;24.87551751762893;24.971644377859832;25.0861878793678
25.04718777378151;24.93901211287452;24.964315311593637;25.04948480175034
25.024444976248226;24.946903804707716;24.968466241897104;25.060184977146953
25.014388681367457;24.919915508345802;25.010949301714458;25.05474650857229
24.92466802766062;24.944324647855698;24.82888801689733;25.302119307586352
25.083145613144552;24.884933903418055;24.97382074437527;25.058099739062122
25.028301314349893;24.816260161391014;25.130710937206263;25.02472758705283
24.985546108280506;24.86742670962095;25.013868417624526;25.133158764474018
