23.522169011644454;25.66358540297732;25.889111630842336;24.92513395453589
23.503072551698345;25.656023119025235;25.881984232935608;24.958920096340815
23.465005642616283;25.637243970509726;25.98137598745785;24.916374399416142
23.447705947270318;25.78690576140162;25.85343830690513;24.911949984422936
23.53543791618109;25.640192650804945;25.88238125195521;24.941988181058754
23.51084200175956;25.644166134773183;25.893149786955092;24.95184207651216
23.54685582540918;25.63369832228733;25.874388300224084;24.9450575520794
23.275358518006364;26.33471217232706;25.65999499326475;24.729934316401827
23.472533421555212;25.605731748681265;26.017768019903393;24.90396680986013
23.61671369682278;25.654897554221456;25.83039263341519;24.897996115540575
23.483262960690208;25.75902889816354;25.8744427421354;24.883265399010853
23.689923247716294;25.58450688255437;25.83808010027481;24.88748976945453
23.549536987027782;25.611933263284005;25.901623245902606;24.93690650378561
23.511312472653877;25.63347225666741;25.902245557578578;24.952969713100128
23.518081602402244;25.608365382369243;25.954303843973047;24.919249171255466
23.45764941918788;25.606799645261187;25.92773650465958;25.007814430891358
23.529641185647428;25.633672715329663;25.888619755316526;24.94806634370638
23.56123701488603;25.60693308289878;25.923477415581313;24.90835248663388
23.49014081084693;25.64725607163251;25.908061896835903;24.954541220684657
23.501408251111545;25.647884080562594;25.87329282766195;24.977414840663915
23.5384567313464;25.638369077396955;25.895246129987683;24.927928061268958
23.53342302318877;25.716841241563852;25.86024644998189;24.889489285265483
23.50910116543585;25.63885130277367;25.877579462373124;24.974468069417355
23.517620618753885;25.63821546406541;25.891455075790176;24.95270884139052
23.495292024206655;25.643977317406335;25.899541565163815;24.96118909322319
23.595644176908284;25.96542931193044;25.680127079675614;24.758799431485663
23.5317718457002;25.643207996229368;25.89114252437471;24.933877633695726
23.511151635607373;25.636775297359875;25.87445829790286;24.977614769129897
23.507330043937603;25.62003213559515;25.891051800873065;24.981586019594182
23.546925669231257;25.609302473453297;25.92420677815222;24.919565079163224
24.256683262016455;25.05498507376865;25.627117344616256;25.061214319598648
23.670510350952217;25.633980843390365;25.846916159242312;24.848592646415106
23.380433297360003;25.505369507444247;26.24351992057981;24.870677274615936
23.477844686553656;25.694768352535764;25.88656061819068;24.940826342719898
23.35345921901015;25.99152051725564;25.672191396093975;24.982828867640237
23.375041589429156;25.600670183944104;25.824460921780183;25.199827304846558
23.521407576411583;25.605023534973586;25.873671661425252;24.999897227189575
23.5292429429491;25.64523072507739;25.89225313134212;24.933273200631394
23.4143757850755;25.959288698768436;25.777059865621453;24.849275650534615
23.510284141761396;25.826620829255642;25.66769549906736;24.995399529915602
23.40819129351948;25.54289066661871;25.787447149500885;25.261470890360922
23.403270876520583;25.525988859055023;26.203079972165856;24.867660292258538
23.452564613409347;25.68155269709261;25.89031812036195;24.975564569136093
23.37581319312367;25.883495238811243;25.9226852688676;24.818006299197485
23.52602203883032;25.609311644325714;25.907169775318415;24.957496541525543
23.519673398877494;25.639369314333276;25.90163208280195;24.93932520398728
23.541316376753997;25.636635994008135;25.86041392803644;24.96163370120143
23.538627280053948;25.64680340137173;25.88714452540338;24.927424793170943
23.55592609161278;25.642224843087018;25.87810267463771;24.92374639066249
23.50630267779693;25.639413177447633;25.886063637286792;24.96822050746864
23.520765467691223;25.54093882538998;26.101835351804137;24.836460355114657
23.830577879523123;25.550553374658424;25.766180062390674;24.85268868342778
23.534169851440755;25.63969532384608;25.881336440828566;24.9447983838846
23.550405072688328;25.627700910264224;25.900133151257787;24.92176086578966
23.52803542425064;25.6414406017911;25.887897299310353;24.94262667464791
23.514308314515;25.64811625266327;25.873617330730664;24.96395810209107
23.54568249196991;25.640814215412522;25.89380418201785;24.919699110599716
23.469357403930776;25.746884300513873;25.848364334317225;24.935393961238127
23.532193927452113;25.63556145724015;25.889000735330864;24.94324387997687
23.53384521173866;25.630411229921336;25.881765509444627;24.95397804889538
23.335476902743533;26.14900057556615;25.71359544094762;24.801927080742693
23.497798234896777;25.657484340337888;25.888549714121194;24.95616771064414
23.52424963992849;25.631663132296424;25.87792309306853;24.96616413470655
23.543226212744266;25.6313467355897;25.905364526129155;24.920062525536885
23.527555361642026;25.641481093143454;25.900505114086116;24.93045843112841
23.461653022357414;25.606953633417877;25.956259985016832;24.975133359207877
23.528808472508608;25.648015200423192;25.881743298535014;24.94143302853318
23.46602475039581;25.622960354130992;25.89954441177421;25.01147048369899
23.534636420730433;25.653084992002213;25.876453981719923;24.935824605547438
23.526179106978304;25.64697997821898;25.872162184803553;24.954678729999163
23.483755821976157;25.653975981659826;25.880023009563143;24.982245186800878
23.523055946548865;25.63074469218924;25.892046644787374;24.954152716474518
23.45077612488626;25.628710284206523;25.86095681012031;25.059556780786906
23.492078117875824;25.662036764904467;25.878095316772022;24.967789800447687
23.43788056456007;25.750959807360573;25.88228204400676;24.928877584072595
23.39233306292226;25.65344993375451;25.879592942584107;25.074624060739133
23.506129115725468;25.69215343812666;25.859531664402613;24.942185781745263
22.254546426566634;26.630454152595984;26.064322691591453;25.05067672924593
21.487096290439123;27.204809750378317;25.04907908549304;26.25901487368952
20.567208271787297;27.090360285145465;25.30242116755507;27.040010275512174
20.39018320887423;26.89636961333014;25.546079706042292;27.16736747175334
20.372732102554195;26.881250220279266;25.516628310878993;27.22938936628755
20.374711362927613;26.860679834473867;25.52322586748799;27.24138293511053
20.450885895527126;26.820160738352115;25.584775721311594;27.14417764480917
20.41441623583552;26.835244394381384;25.507369860112256;27.242969509670832
23.280321689310274;23.875544020410146;25.4650105493613;27.37912374091828
23.290291834717927;23.926575512417212;25.53092501678154;27.25220763608332
23.268237929566645;23.928862740808206;25.565918608550074;27.23698072107507
23.206982342780943;23.832994746686474;25.773454210257835;27.186568700274748
23.348312679757953;23.69421274998088;25.873093493834055;27.08438107642711
23.201576998273012;23.85805400593292;25.756023509628633;27.184345486165434
23.310079682510153;23.789828336382147;25.723705288396946;27.176386692710757
23.221458637766325;23.827900346634028;25.74635967140258;27.204281344197067
23.18942416019851;23.845293209376372;25.77763718605082;27.187645444374294
23.318557726732376;23.862505760904178;25.732302403459112;27.086634108904327
25.24001405069437;23.800489089456832;25.746555006902295;25.212941852946507
25.257144532266278;23.871019160794575;25.685230175045167;25.186606131893985
25.108943814268418;23.83535237314988;25.753510478726287;25.30219333385541
25.109295363728705;23.83958975644026;25.767976122822482;25.28313875700855
25.09351239803468;23.845224816531047;25.793202228826523;25.26806055660775
25.09294803216996;23.855361031049803;25.77095893169547;25.280732005084765
25.103824874254084;23.842891202144852;25.787988785523773;25.265295138077292
25.181576554358422;23.66234124470231;25.596742258305067;25.559339942634196
24.811233290817043;24.55973164167196;24.946423855571975;25.682611211939022
24.735788372363373;24.76833852155156;24.856688926490914;25.639184179594153
24.800947547509917;24.745400828019644;24.849505742639156;25.60414588183128
24.71209476195264;24.78247159791977;24.87227061264407;25.633163027483523
24.77207132287297;24.720401374604066;24.883513311890816;25.624013990632143
24.768719252155464;24.764589874481157;24.865403646667662;25.601287226695714
24.71504524562095;24.79282543046634;24.86512446134612;25.627004862566586
24.778008771430198;24.750526855385317;24.852053312069263;25.619411061115226
24.66649006022091;24.850510199022242;24.785203590871806;25.69779614988504
24.74890898081059;24.76404752458708;24.87497650915621;25.61206698544612
24.919234648756504;24.59850394730538;24.898905734696015;25.583355669242092
24.559331828810105;24.717666976237197;24.80223767812704;25.920763516825655
24.022599736187363;24.728442259845863;24.85364147671199;26.395316527254785
23.71654968582513;24.912755389839244;24.76002821995855;26.610666704377078
23.724047609876354;24.918724240206462;24.77235083394322;26.58487731597396
23.777508479038577;24.86061854392839;24.790153474469964;26.571719502563067
23.744008316801715;24.916519444800848;24.759592450396923;26.579879788000515
23.833996148455395;24.824230545711455;24.79004523855647;26.551728067276688
23.931873539792214;24.718832330864444;24.60791867574688;26.74137545359646
23.76311336717428;24.895460898992127;24.751416170087545;26.590009563746047
23.72425019177877;24.894381349748347;24.754242520627912;26.62712593784497
23.688372190388467;24.90365822792037;24.769683694500003;26.63828588719116
23.671780483410128;24.90475945326778;24.80244021725141;26.62101984607068
23.8274663701893;24.973309674046696;24.464904982439606;26.7343189733244
23.372348895673596;25.538579850248784;23.75519040722885;27.333880846848768
22.745187724690403;25.996546019586802;23.325909555300022;27.932356700422773
22.712803399953394;26.024106226921422;23.32134508614;27.94174528698519
23.93102889389854;25.80817457160117;23.36228616894311;26.898510365557176
25.304631574414277;25.486284972683475;22.846438281887707;26.362645171014538
24.257534289484298;25.714666071519467;23.380279484257965;26.647520154738274
23.30658734197033;26.13800931543309;23.892520255195898;26.66288308740068
23.66872334125593;25.87488696292384;23.529637721172545;26.926751974647683
23.58191380799121;26.08106340110422;23.341183243059373;26.9958395478452
24.04009575537539;26.42385494941021;23.211276569585372;26.324772725629025
23.652167860157142;26.018498377259004;23.394095485038587;26.935238277545263
23.618704363496448;26.010986454966183;23.346760256596983;27.023548924940382
23.61796028014967;25.99083757075698;23.35436054878634;27.036841600307014
23.62891814958467;25.996371081850416;23.391207364373344;26.983503404191566
23.814136021605474;25.897281952693046;23.390938168764524;26.897643856936952
23.610245350447666;25.998208125968343;23.329237812149866;27.06230871143412
23.544160060688327;25.93233156246198;23.27912574458898;27.24438263226071
23.5977356277769;25.991951619502984;23.31356142447958;27.096751328240536
23.238451918322784;25.565183151781177;25.275236644227135;25.921128285668903
22.665172363900325;25.413283436046214;25.451049731344312;26.470494468709155
22.819083679124688;25.322508228928655;25.528696154495094;26.32971193745156
22.713490707275394;25.393938935684364;25.455184720310918;26.43738563672932
22.940018432112407;25.3180986938291;25.105067865879843;26.63681500817865
22.66008606696232;25.419841924016325;25.46434188103341;26.45573012798794
22.43214335149555;25.60168115869081;25.46955416577533;26.496621324038305
22.427636163759683;25.61223388070396;25.532729360724765;26.427400594811594
22.43133489759629;25.67195544299829;25.304076064327457;26.59263359507796
22.840827803951555;25.32645963345749;25.388125601243182;26.44458696134777
22.1363681070487;25.89808975260101;25.17170156672432;26.793840573625964
22.072932217708804;25.7073915911537;25.446134083255217;26.77354210788228
21.59388048662594;25.94387145993606;25.58950108611462;26.87274696732338
21.478923297237507;25.94807887683383;25.375261356662126;27.197736469266538
21.536650843785722;25.910640214767618;25.3830951221608;27.16961381928586
21.67756181179;25.846770678985443;25.435369999128387;27.040297510096167
21.48638442370936;25.961475560947473;25.359048009848173;27.193092005494996
21.503664810144528;25.951049240164664;25.36721929208035;27.17806665761046
21.65328346716533;25.84760263508476;25.40210709004021;27.0970068077097
21.404727470334706;25.942719459914837;25.369684039827835;27.28286902992263
24.063522180963133;25.14550618692307;25.410909471870745;25.380062160243057
23.96641132803713;25.215478967121697;25.37501627931757;25.4430934255236
24.501875624422702;25.312446982978003;25.024348558251177;25.16132883434812
23.923966375792368;25.196248873061034;25.393410531578166;25.486374219568436
23.92492705994802;25.21321505588875;25.396708331243712;25.46514955291952
23.847311411415888;25.2669219422799;25.363767748856475;25.52199889744774
24.081523972701856;25.030533865095308;25.312429453747708;25.575512708455133
23.947853400713985;25.08866892299133;24.97015392461403;25.993323751680652
23.974924857406574;25.08076349608312;25.583982202447164;25.360329444063147
23.79867622185505;25.120499007655233;25.773100124165303;25.307724646324413
24.716059800779217;24.899143552959814;25.329957880867255;25.05483876539372
23.913680062337768;25.233642540561736;25.377327119409575;25.47535027769092
24.013931982386623;25.191647423850803;25.39225033479744;25.40217025896513
23.926257057151798;25.225612595123664;25.371144486198645;25.476985861525897
23.88531054671377;25.27998205066876;25.346657042890016;25.48805035972746
24.000446859051248;25.208142242291682;25.363954937792517;25.427455960864553
24.233419701812586;25.075296213140884;25.394926836579117;25.296357248467416
23.90990244284898;25.21869154691368;25.371579619403906;25.499826390833434
23.93134727966593;25.226677855701414;25.396311614617673;25.44566325001498
23.990829122883337;25.238096936028498;25.377514235896925;25.393559705191244
24.739207755451698;24.958522647176828;25.134191435604375;25.1680781617671
24.06698539120065;25.17489032752673;25.375601601431065;25.382522679841564
23.977614645373663;25.231854630756583;25.39953850098282;25.390992222886933
24.003062742037606;25.205188991798334;25.363332498932458;25.428415767231606
23.828152997109207;25.268772248369448;25.332978952146597;25.570095802374755
24.43429775650876;25.05305059197143;25.218714785382918;25.29393686613689
24.149268357740738;25.135325549637734;25.420328260497698;25.295077832123837
23.91827293754819;25.237214083783087;25.32356720637368;25.52094577229504
23.868708495119208;25.352127279042403;25.515165967682567;25.263998258155823
23.99459690180728;25.18869201299242;25.398725743316398;25.417985341883902
23.87560045818776;25.23607367533901;25.3623623284079;25.525963538065334
24.010554089709764;24.92673568450523;25.611543032085237;25.45116719369977
25.406626892128966;24.78034273492065;25.68900413494043;24.124026238009954
28.383422725593366;23.947722362867662;24.541405876047182;23.12744903549179
28.623939694454858;23.89698962588988;24.438550123606756;23.04052055604851
28.63579558509535;23.836263340076925;24.45028515494384;23.07765591988388
28.645365911715416;23.92812683953024;24.326993286820358;23.099513961933987
28.90902688108933;23.722815666940562;24.457800211292405;22.9103572406777
28.877317966179877;23.893990985998506;24.343569916170427;22.88512113165119
29.195734771418064;23.629856600073538;24.670425297217797;22.5039833312906
26.68437043189076;24.61951893015653;24.397340203240635;24.298770434712075
26.747270959399362;24.57489783848624;24.441745383101498;24.2360858190129
26.688367677119967;24.605845709690858;24.391160713420717;24.31462589976846
26.72273856158947;24.624011060757354;24.33981104539519;24.313439332257982
26.70974118744377;24.609379758223515;24.39464520945319;24.286233844879522
26.678661664497362;24.624663293218536;24.383835290350873;24.312839751933236
26.69762507045605;24.591257403979867;24.405584994860853;24.305532530703232
26.744572514923092;24.5582897938021;24.473869634002046;24.223268057272765
26.70941229318216;24.601053154767293;24.394384768710747;24.295149783339795
26.67366896193576;24.586646570860168;24.423042757602794;24.31664170960128
26.239427650530256;24.621418505261172;24.3843955685217;24.75475827568687
26.31178668753204;24.5642554569247;24.406584734101394;24.71737312144187
26.27328040587028;24.56978986560732;24.431189312401656;24.72574041612074
26.274243459232625;24.61035287946433;24.40640346361695;24.709000197686095
26.26275688449401;24.60897659178178;24.388514267478993;24.739752256245215
26.76206608493683;24.42071927171557;24.22425631736159;24.59295832598601
26.25680286002155;24.572961281563522;24.41035396267812;24.75988189573681
26.299649899295357;24.533504811229484;24.429227712218378;24.737617577256778
26.245216258124117;24.607403252944476;24.37316485764244;24.77421563128897
26.235335479812;24.611783427704378;24.3725250730913;24.780356019392325
26.254530982359896;24.59079717976831;24.38029427486724;24.774377563004553
26.23151196860617;24.604311778340517;24.390067977082346;24.774108275970967
26.214246441696744;24.56541779833732;24.444499563867563;24.77583619609837
26.235510026529557;24.614425283171748;24.375640601983836;24.77442408831486
26.189357065443286;24.54657400681353;24.378760745681333;24.88530818206185
26.065578056043403;24.445495400220064;24.246104268015902;25.242822275720624
26.24680705763384;24.69991266604942;24.349099409675027;24.704180866641714
26.110020402663896;25.207298764291487;24.154059360203256;24.528621472841362
26.587965200579987;24.78830352827453;24.301353310778154;24.322377960367326
26.236040888972894;24.583786167682593;24.5324386901668;24.647734253177717
26.026242811575536;24.596657551365173;24.793362929135924;24.58373670792337
26.223616489387773;24.62977305034067;24.3670408313318;24.779569628939758
26.25385211483357;24.714357800645175;24.32914631728811;24.702643767233145
26.70467686732007;24.699274524324334;24.358073914067525;24.237974694288074
26.2471897220021;24.621800227332216;24.349467705558165;24.781542345107514
26.235747946404754;24.609628813941878;24.38563133092123;24.76899190873214
26.22598456470442;24.585302981924663;24.379901407244155;24.80881104612677
26.247239963442155;24.63071452257771;24.359496278163157;24.762549235816984
26.2614133833646;24.580206378986865;24.357567229518448;24.80081300813008
26.325596467776563;24.5535928000383;24.438699794150033;24.68211093803511
26.231415751406374;24.620501830520585;24.385547816769353;24.762534601303688
26.232315841101688;24.60615892053021;24.387433275186385;24.774091963181714
26.22733507139154;24.60443241613379;24.38913627822659;24.779096234248083
26.20441810953271;24.580591804808705;24.480950182510238;24.734039903148343
26.23863556275988;24.601060289269466;24.40184493465204;24.758459213318613
26.263331077048363;24.600524455751003;24.36718166806162;24.768962799139015
26.27745782772612;24.5366816536901;24.41643253381534;24.769427984768445
26.642428983973215;24.094020732422887;24.602551859820288;24.66099842378361
26.357621459485493;24.524779965285745;24.410843517581768;24.706755057646994
26.33167972133273;24.458865064883355;24.480753881019186;24.72870133276473
26.44215982656575;23.79526206425769;24.779831516724553;24.98274659245201
26.723206587721922;23.0279942990868;25.920503932574384;24.328295180616895
26.190253978920126;23.354923408120854;25.931421958412663;24.52340065454636
26.307366942100042;23.40205248626927;25.58631937826074;24.70426119336995
26.353227147700377;23.356574767052603;25.321435425062365;24.96876266018465
26.47030388965873;23.529427561685626;25.186641315673576;24.81362723298207
26.556230367004694;23.506974569955567;24.986202600886216;24.95059246215352
26.560954007952535;23.524092925355102;24.971187803639786;24.943765263052573
26.558653079571076;23.52430860637316;24.988022811226557;24.929015502829206
26.467921437868352;23.613426636832948;25.129242896210823;24.789409029087878
26.561743040632024;23.517446554786776;25.02142777287803;24.899382631703165
26.58092259700235;23.491191997080964;25.03527429384857;24.892611112068113
26.54179576100403;23.52216369405169;24.98407093419715;24.951969610747135
26.534674051009645;23.513867440647758;25.00800641183641;24.943452096506185
26.60457458115489;23.454711892313647;25.063126270972973;24.877587255558492
26.679815986364662;23.42298211010562;24.90033555258119;24.996866350948522
26.53363590330264;23.54010273966764;24.976343961359245;24.949917395670475
26.534403022162635;23.508277760257833;25.00152726204019;24.95579195553934
26.53231521913079;23.527697126265977;24.989712169360555;24.950275485242678
26.82431298115302;23.333287651990393;24.864583369021883;24.977815997834703
26.553551130581276;23.50171755665432;25.008063278732674;24.936668034031733
26.555699998877934;23.50881861213655;24.9804841220099;24.95499726697561
26.374150362329846;23.682947718810173;24.846776691834364;25.096125227025617
26.550995453639022;23.49870380017654;24.97901501180261;24.971285734381834
26.604767459175065;23.436802005261328;25.083294038814714;24.875136496748894
25.17723108618784;24.89250392078566;24.955294362749353;24.974970630277145
25.180555237980133;24.88510121219446;24.955004099445024;24.979339450380383
25.16119231413747;24.89620577488986;24.95994662682472;24.98265528414795
25.1864454545929;24.86548267061912;24.99256305744451;24.95550881734347
25.207383279044514;24.82953311617807;25.048859934853418;24.914223669923995
25.20858893959105;24.888909131797465;25.035227405355702;24.86727452325578
25.174507660070823;24.864242825941165;24.984278001466517;24.976971512521494
25.22775359856167;24.860654107395394;24.915155226391068;24.996437067651865
25.09101985755936;24.810586830284834;24.938071039810207;25.1603222723456
25.157070545420062;24.835816826108086;24.97095676707327;25.03615586139858
25.163838179841196;24.85935122407479;24.994144481619877;24.982666114464138
25.355669500442602;24.745377716165883;25.05403103235181;24.8449217510397
25.248478536791747;24.853060825983665;24.952322062030134;24.946138575194453
25.164067881520445;24.879767048656774;24.997182040202894;24.958983029619887
25.163702850190194;24.918706511910095;24.952761333560368;24.964829304339347
25.17374894253921;24.87570768529967;24.997722392139;24.952820980022125
25.166911576795297;24.87254025044723;24.986263736263737;24.974284436493736
25.164943588863625;24.87975633820943;24.95954699498091;24.995753077946034
25.17650695517774;24.862132921174652;24.94435857805255;25.01700154559505
25.173586953496784;24.885203016725573;24.985041605209695;24.956168424567945
25.179953593143978;24.88581768089923;25.002258241168867;24.931970484787925
25.161354314759677;24.89267697640547;24.962456518296683;24.983512190538175
25.17518207037341;24.876167097707448;24.968219874632887;24.98043095728626
25.178775586913282;24.882147499647616;24.96343048660162;24.975646426837482
25.08438410521653;24.81173453789954;24.873813787208555;25.23006756967538
25.293257656631052;24.793146520823093;25.017139959114544;24.89645586343131
25.79520287936305;24.842383351561626;24.74967658669446;24.61273718238087
25.073539252732985;25.030255742895953;25.018438205670705;24.877766798700357
25.132280863729463;24.83763825954214;25.100283476849388;24.92979739987901
25.4935469060858;24.467428454828344;24.645207366219456;25.393817272866396
25.132778503946128;24.89700359039693;24.968480616820266;25.00173728883668
25.137623661034148;24.889448630142066;24.992842531236974;24.980085177586815
25.16388637704315;24.92145473777255;24.944754803789404;24.969904081394898
25.191141077955297;24.899878482975797;25.049528826013155;24.859451613055754
25.20241367629999;24.863533763590418;25.020158933330134;24.91389362677946
25.176810656644616;24.85925743374895;25.134966537540336;24.828965372066097
25.13766238716449;24.80223581413774;24.908417927352378;25.151683871345394
25.15358658727577;24.844332806246356;24.947795692009713;25.054284914468163
25.14364884438567;24.881667611310537;25.04263492663266;24.93204861767114
25.1446493960603;24.864604748372695;25.169279657397336;24.821466198169674
25.163615639463156;24.9203058751323;24.951933013095516;24.96414547230903
25.157230041382267;24.89823800732799;25.012279186355705;24.93225276493403
25.163199277918675;24.921975807733133;24.974892418781742;24.939932495566445
25.236669373392886;24.87278386791176;25.062423873325212;24.828122885370142
25.13645366690151;24.927220279952678;24.9891661238651;24.94715992928071
25.166528349748678;24.886710614910044;25.00367975196906;24.94308128337222
25.21795646122738;25.02888579606628;24.89430424621202;24.858853496494316
25.373879500506856;24.809121179101474;24.95529392111228;24.861705399279387
25.134048544646415;24.883310259696284;25.004178971415836;24.97846222424146
25.239024695739303;24.856741748951006;25.035488382773526;24.868745172536165
25.138579786787187;24.91887404724172;24.974690411403625;24.967855754567474
25.25960510125461;24.89779666279511;24.964207270092803;24.878390965857474
25.129734992273956;24.92192082220575;25.015705153970053;24.93263903155024
25.053397653284037;25.167144917192257;24.81703110371923;24.962426325804472
25.53838433039602;24.684497188150377;24.75977505203029;25.01734342942331
25.039387303441647;24.990516794001493;25.15760739294449;24.81248850961236
24.974986711690587;24.71422318106494;25.595472594815995;24.715317512428477
25.133704408116426;24.87778880748098;25.049591096929525;24.938915687473077
25.16731072299821;24.90447097428812;24.96896655944388;24.959251743269792
25.13630906908218;24.989341191021865;24.940012368583798;24.93433737131216
25.03884891103514;25.428874901383537;24.90428652907606;24.627989658505264
25.136411738894772;24.933794491908216;24.99883849985804;24.930955269338977
25.135794313083665;24.936463211309476;24.984017917018463;24.943724558588396
25.141001321859136;24.91152946877899;24.985669310987703;24.961799898374167
25.438748778914146;25.03374990607032;24.76452800659192;24.762973308423614
25.161247949667064;24.801197697564525;24.939458341613253;25.098096011155157
25.164484245377132;24.888529719926517;24.978113141355436;24.96887289334091
24.982215912797397;25.06018632131885;24.818509118810127;25.139088647073628
25.073007333433807;24.914339009943784;25.06675159308115;24.94590206354126
24.977413510755284;24.881846158714588;24.99497638505415;25.14576394547598
25.12026439141235;24.85699635265959;24.92965325805522;25.093085997872837
25.174825174825177;24.91498103283199;24.960308322526696;24.949885469816145
25.12841431974676;24.92624743008191;24.994941748523317;24.95039650164801
25.139218113096913;24.932827156319078;24.99262889440079;24.935325836183218
25.222902029511634;24.89899385043892;24.98223981723442;24.895864302815028
25.166645311009557;24.9186349463973;24.979427383647263;24.935292358945883
25.15920974663185;24.905255549550372;24.997720923872347;24.937813779945433
25.15151943263213;24.905167907548424;24.964857381009566;24.978455278809882
25.360239553621145;24.876416241462778;25.008238917235815;24.755105287680262
25.157254496412467;24.89605211254091;24.99067134343316;24.956022047613462
25.132714253952493;24.879925198804887;24.995050816691386;24.99230973055123
25.165374814613983;24.89118910099685;24.986565061413405;24.95687102297576
25.447103820039047;24.93619941763228;24.83924918541815;24.777447576910518
25.14303345252135;24.924234949184555;24.96041422926387;24.972317369030222
25.175245343480874;24.921765471660322;25.000938814340074;24.902050370518726
25.137313802171025;24.916327460724418;24.989154284801433;24.957204452303127
25.147631722752035;24.878889905595823;24.98882245572651;24.98465591592564
25.160148147645216;24.906559029911296;24.963251643916067;24.97004117852742
25.146165866551424;24.917874668445396;24.992719107879335;24.943240357123845
25.155782362583036;24.9155556735306;24.96632181085798;24.962340153028386
25.155339026503874;24.8948707405654;24.98628036544192;24.963509867488806
25.143559904282803;24.89457443664456;25.00039723271799;24.961468426354642
25.062643514051913;24.988806115155928;25.067374514438846;24.88117585635331
25.201081793055796;24.855329072378648;25.152498272585937;24.79109086197962
25.093719848956493;24.832655311564764;24.961891128036257;25.111733711442486
25.165082656234837;24.86581448437524;25.000127674134752;24.968975185255168
25.250784099819317;24.90092216957011;24.934374254252887;24.913919476357684
25.148458743063536;24.908637490974698;24.987326172265057;24.955577593696713
25.15557799964567;24.908383007157774;24.957347703751033;24.978691289445525
25.245741284166623;24.816824465238174;25.066718343391837;24.870715907203365
25.5349711967065;24.65729757479724;24.80884189534063;24.998889333155628
25.159594795236274;24.89616158072458;24.97995276369947;24.964290860339673
25.149814562587814;24.924079060384248;24.974389612195015;24.951716764832923
25.176929568706413;24.892102574732387;24.980567359085594;24.95040049747561
25.17297439670127;24.89341798134474;25.06017093085565;24.873436691098334
25.15310108451852;24.872940800913987;25.020791505304985;24.95316660926251
25.150428893143612;24.867873921441284;25.04415448587647;24.937542699538636
25.17223149007974;24.9026874960623;24.97582595785362;24.94925505600434
25.161550002975712;24.904698810653684;24.96797190925009;24.965779277120507
25.19918712299603;24.903551498338764;24.974516951066093;24.92274442759911
25.136518935875472;24.91731725425788;24.984813373231038;24.961350436635605
25.264632168656938;24.830212786869133;25.081330777925203;24.823824266548726
25.188778019258528;24.7507416279328;24.968074305566574;25.092406047242093
25.213111409578538;24.861864363555995;25.022356721467553;24.902667505397915
25.437208679672384;24.809234626197227;24.954058099769984;24.799498594360404
25.16119736320738;24.90982814489517;24.991268639301616;24.937705852595837
25.149217615744472;24.90097839144115;24.980227001849656;24.96957699096472
25.163177970558763;24.87197657102048;24.999031174050966;24.96581428436979
25.42689058728882;24.725797801019038;25.05011397157415;24.797197640117993
25.15585906455126;24.886969063668207;24.991758160892473;24.965413710888058
25.15788160863502;24.894556627626162;24.989228902822028;24.95833286091679
25.16110160702731;24.875860907487347;25.00509674960334;24.957940735882005
25.12457802137982;24.889031071300035;25.019962152532777;24.96642875478737
25.092750844136898;24.784276126558005;24.91183459085414;25.21113843845096
25.18006584403508;24.888710177343285;24.971140877752926;24.960083100868705
25.137048149938853;24.902413185062997;25.001244276328887;24.959294388669264
25.172538015244015;24.90083804178833;24.990140684843198;24.936483258124458
25.147410033524192;24.88930340878749;25.006489749903583;24.956796807784734
25.144664553839462;24.913243078261015;24.99017451729703;24.95191785060249
25.14997271742583;24.929268908452713;24.96982628737102;24.95093208675044
25.140864563807515;24.919977038100775;24.977010234393433;24.962148163698277
25.24515166949528;24.85129089615278;25.002804097475945;24.900753336875997
25.153915605574774;24.91277806057048;25.006223503665364;24.92708283018938
25.1576682052338;24.889071921483875;24.975263266269298;24.977996607013022
25.164762558691745;24.903622462860177;24.98727612927823;24.94433884916985
25.61586573677167;24.815272405506672;24.89806708388331;24.67079477383835
25.170261659294514;24.893023114597625;24.981830533432767;24.954884692675094
25.121867515895364;24.914849570649945;25.022971242587396;24.9403116708673
25.166632105933584;24.92353437805492;24.96037858814468;24.949454927866814
25.142605017611537;24.882713888909574;24.967606693127404;25.007074400351488
25.16707208257896;24.918824256830057;24.993428189549523;24.920675471041456
25.134141649900876;24.91215217507349;24.995720352164398;24.957985822861232
25.15072429334066;24.92519471648241;24.96770193714129;24.956379053035647
25.148912315473655;24.892554279247598;24.98619529821305;24.9723381070657
25.140807400648185;24.939926039888118;24.980499768978152;24.93876679048554
25.139920237533147;24.931089632932157;25.002192814659573;24.92679731487512
25.169634404384283;24.886753240875198;24.957850706637146;24.985761648103377
25.157795310590064;24.889617364892395;24.983146275512095;24.969441049005443
25.17467837072129;24.878547210998097;24.952115554317032;24.994658863963586
25.240549591660553;24.84017438739251;24.99218324441569;24.92709277653125
25.188504437361093;24.869069189298322;24.9813078195764;24.961118553764187
25.223637543966465;24.84219753457717;24.960480614411832;24.973684307044536
25.14803664107171;24.79323885884063;24.898810993829688;25.159913506257976
25.425954332296097;24.778717622825084;24.77240653898409;25.02292150589473
24.95715623722706;25.143377683119283;24.742525023506794;25.156941056146863
25.31997936153923;24.68542991245298;24.774682933324456;25.219907792683333
25.036646581362028;24.751415401821905;24.876328128360647;25.33560988845542
25.07140983146171;24.85191467033231;25.0654975038892;25.011177994316775
25.379424186219385;24.74647358697514;25.06003374278957;24.814068484015902
25.18450508301112;24.868421781852643;24.97021131951385;24.976861815622385
25.042605794388034;24.871444054852997;25.200473418231034;24.88547673252793
25.0438946528332;25.261854308280817;24.856207171753308;24.838043867132676
25.044696883831975;25.16242609932397;25.044148455809502;24.748728561034554
25.690900578837194;24.785604227466695;24.74811523649455;24.77537995720156
25.190828949696765;24.861654038576;25.014679149976676;24.93283786175056
25.157043946207065;24.884060202571685;24.982971138363087;24.97592471285816
25.138930450954067;24.892952657891893;24.984293456207336;24.983823434946707
25.207122238242068;24.853438920843182;24.94904562376457;24.990393217150185
25.156618302786747;24.89925733506511;24.964753943672914;24.979370418475224
25.167457178541692;24.867483941953132;24.957996312596645;25.007062566908527
25.185138511034182;24.888064403739094;24.94681205939258;24.979985025834143
25.684135020942627;24.713399805669972;24.808917955033273;24.793547218354124
25.149768126493726;24.883667558284927;24.9764565296529;24.990107785568448
