24.744669524147533;23.832072947664418;25.344604002293263;26.078653525894786
25.10746758573083;24.99327106971882;25.409150919076;24.490110425474345
24.95959299723537;25.132901015396502;25.402523609260463;24.504982378107666
25.033273797315044;24.922261330682407;25.462726609905335;24.581738262097215
24.915985229923127;24.931290817974883;25.436301461812743;24.71642249028925
24.930130289173817;25.090859803126115;25.4809931419815;24.498016765718567
25.09585343702763;24.96487238703415;25.416882396378366;24.522391779559857
24.893052077840245;24.91834851714342;25.563925065453198;24.624674339563132
25.0463200439535;24.873843782728272;25.58769175150416;24.492144421814068
25.08641136932994;24.96245042790026;25.418026179821236;24.533112022948558
24.910697109708067;24.952819122241767;25.533580689764275;24.60290307828589
24.99396817369341;24.956762854673197;25.397865059532133;24.651403912101255
25.089176408893227;24.990804784766866;25.394236941799804;24.525781864540104
24.936241785602757;25.116191144178956;25.420366798487525;24.52720027173076
24.94782784531059;24.963253123081905;25.53434629569649;24.554572735911012
24.929029017388586;24.97799630181829;25.552674568554757;24.540300112238366
24.927598318109663;25.125694307922082;25.394394774755213;24.552312599213046
24.991088757457838;24.956962959614472;25.44039323590375;24.61155504702394
25.086567539493586;24.960800639178014;25.406375844568046;24.546255976760353
24.950540459075228;25.003725958277446;25.391671619124928;24.654061963522402
25.087741448742808;24.970158999666154;25.39680203623677;24.54529751535427
25.07730629046306;24.9298131741532;25.38593970460694;24.6069408307768
24.941428121959845;25.12897399013972;25.421226933759016;24.508370954141416
24.966322406825327;25.117439812096297;25.435030403695603;24.481207377382773
24.94122546557632;25.06419755045956;25.400764664156583;24.593812319807537
25.065534421936935;24.98010692075499;25.432483543659306;24.52187511364876
24.959869999339727;24.98716133434086;25.561746645440074;24.491222020879338
25.094960862751613;24.956500716886065;25.41717777470668;24.53136064565564
24.91632640705536;25.12648074680934;25.38633224219972;24.570860603935586
24.952660823464928;24.969668457203074;25.417662408697606;24.660008310634392
24.938732406917815;24.94474777060225;25.477924357915626;24.638595464564307
24.923852396440928;24.966598029181856;25.374755851688214;24.734793722689005
24.95103918220987;24.962383109391844;25.424701651147842;24.661876057250446
25.07893787578896;24.989150364177696;25.395773408019203;24.536138352014145
25.092236918282335;24.961788093958873;25.421707636874523;24.52426735088427
24.97814907262366;24.87109991526511;25.46016681579909;24.690584196312145
24.952086880469295;24.968930535944995;25.41797046621524;24.66101211737047
24.99159072065555;25.01581544509931;25.45264797612927;24.539945858115864
24.936861244239786;24.94255126316561;25.55023040857683;24.570357084017775
25.090201444272182;24.946665937311963;25.409306615971524;24.55382600244434
24.954332861148472;24.95922320042706;25.419983570103838;24.666460368320628
24.920363186397708;25.127368540035892;25.403462723181725;24.54880555038467
25.0617416403779;24.934716511134816;25.38958614016229;24.613955708324994
24.94839087394429;24.973683995182405;25.415420918452746;24.662504212420558
25.006716497830894;24.951094631656144;25.402702681670615;24.639486188842348
24.946074782281137;24.968609020870517;25.403635673306606;24.68168052354174
24.91235142588675;24.99089050951299;25.3776619645054;24.71909610009486
24.9739145360401;24.946323417594776;25.435811690804815;24.643950355560307
25.08673422636497;24.96973521197271;25.414711406156066;24.528819155506255
25.07844791258566;24.918626722725048;25.429158405905827;24.573766958783462
24.944829230533543;25.11841463804412;25.419883813500572;24.516872317921763
25.096381388641596;24.96624007380241;25.411733796255927;24.52564474130007
24.93385584882104;25.100581993949234;25.425420162191614;24.540141995038116
24.9652586823727;24.92231250036959;25.38004783953355;24.732380977724162
24.912051934425662;24.967823439648214;25.467608089674826;24.652516536251298
24.933890794739852;24.965307556699067;25.55053780731847;24.550263841242614
24.912668964961952;24.968402748794652;25.379517889842862;24.739410396400537
24.938788463044343;24.95647283668968;25.419076568467187;24.68566213179879
24.976871356459903;24.998792949579556;25.47456550078575;24.54977019317479
24.935004254461827;24.9781918644402;25.38949222944516;24.69731165165281
25.150039226528264;24.933135375506488;25.371574859834727;24.54525053813052
25.08941876121243;24.990027160551115;25.41876570301221;24.501788375224248
24.918421822315057;25.004501821250148;25.435752262650485;24.641324093784306
24.88914450122762;24.91303268189925;25.54756012236183;24.650262694511305
24.95575105214165;24.967259420473535;25.43072617804174;24.646263349343076
24.964752251580432;25.12936768820508;25.420974448613855;24.484905611600635
24.925180185456426;24.965370649570318;25.583809475707874;24.525639689265386
24.967499877819087;24.927424539189996;25.39148643415953;24.713589148831385
24.97187047724066;24.936069266456045;25.566090776200717;24.52596948010258
24.9511485340846;25.12334043371113;25.393885256161454;24.531625776042816
25.073452320108892;24.93145128609563;25.414780320292458;24.580316073503024
25.071001496119088;25.007202264529326;25.39762464435995;24.524171594991635
25.0989039350749;24.970420727173693;25.421631245315524;24.509044092435882
25.10137856697112;24.962009039163405;25.413324256349163;24.52328813751631
24.91464679146132;24.941224501547968;25.373407598345832;24.77072110864488
24.96068478300942;24.970292479891796;25.566118643139973;24.502904093958808
24.934882698303056;24.979978535106113;25.581002808257207;24.50413595833362
24.94178736479631;25.06059095422279;25.402469631487897;24.595152049493006
24.975701750426435;24.98514359261267;25.445557633957172;24.593597023003724
24.950654776098695;25.101327733355678;25.433337392435213;24.514680098110414
25.014622885530752;24.976965473649653;25.44883438426232;24.559577256557276
24.990839843300005;24.94925681957873;25.409234181171175;24.65066915595009
24.982133891905907;24.9993839273071;25.46259703144913;24.55588514933786
24.984985057710656;24.997416784122265;25.468853681809158;24.54874447635792
24.968918481392645;24.994166238046002;25.4791248696315;24.557790410929844
24.951313723594033;24.960473111888415;25.42540051685681;24.66281264766074
24.964704101069515;24.98339702441669;25.523087913069652;24.52881096144414
24.971125015966166;25.004319115258845;25.459369451878068;24.56518641689692
24.944659687042993;24.962458671847017;25.471545961700944;24.621335679409047
24.984758963289842;25.00751586704184;25.458772329736117;24.548952839932202
25.006676854234154;25.026247578490747;25.44381767442408;24.52325789285102
24.987562045591734;25.001864731959202;25.455052270166977;24.555520952282087
24.918276417869446;25.08497498973432;25.38344690122589;24.613301691170346
24.959982689900883;25.034280061339388;25.471294495437657;24.53444275332207
24.96052747526164;25.02117468989576;25.429256147225864;24.589041687616735
24.919565907196798;25.169025991707915;25.36095010123181;24.55045799986347
24.54197317041714;26.817418799903887;24.69007476064297;23.950533269036004
24.928701852167638;25.386163442304127;24.708871088035902;24.976263617492332
24.919649916045774;25.37435895245347;24.71536189663574;24.990629234865015
24.902825543772913;25.390237451332677;24.683682416184695;25.023254588709715
24.960959201328908;25.360288605553265;24.71757801787293;24.961174175244892
24.96327655751384;25.32054699934151;24.716842930304107;24.99933351284054
24.904817128354384;25.365358542011553;24.651938148668464;25.077886180965603
24.947707310761416;25.41262958252677;24.69280705249018;24.946856054221637
24.93574071662736;25.41199438253751;24.70089249781607;24.95137240301906
24.942023758054596;25.395402711423188;24.684515470340713;24.9780580601815
24.852963941335386;25.53951505648575;24.653653388728817;24.95386761345005
24.947844716838162;25.370251842514907;24.716504736307726;24.9653987043392
24.935422364390494;25.40276074908292;24.692256720504606;24.969560166021978
24.9132726591753;25.412111467858413;24.64605385311491;25.028562019851375
24.941314987564486;25.398873382090308;24.70153759769921;24.958274032645996
24.937602231109427;25.42535117141071;24.682634824267126;24.954411773212737
24.95250265034874;25.387914679326336;24.68682751402343;24.972755156301496
24.96494976955813;25.34220966314696;24.670803404694844;25.022037162600068
24.956353764647154;25.349505365031483;24.698233753267594;24.99590711705377
24.958114211720222;25.388536068168282;24.67708275905654;24.976266961054957
24.92707528134434;25.38234258338446;24.699903062358295;24.990679072912904
24.910910815939282;25.41056293485136;24.671758380771664;25.006767868437695
24.92581703029168;25.38073304420223;24.725872585072498;24.967577340433593
24.927331403319666;25.374936091364113;24.705043327612763;24.992689177703458
24.901433533053495;25.342026421682156;24.72053589319642;25.036004152067925
24.945658983564226;25.383996230177104;24.695097868306796;24.975246917951875
24.93647654578727;25.403329457025357;24.698012109111698;24.96218188807568
24.937591288673655;25.397371286094327;24.70181949177931;24.963217933452704
24.864575414972737;25.241948058216856;24.757409501928535;25.136067024881868
24.942117172979785;25.27045675805907;24.80881457937022;24.978611489590925
24.938979028648514;25.389321920069346;24.697991020729198;24.973708030552938
24.969867402331584;25.340001779834477;24.65284328557444;25.0372875322595
24.874512238988878;25.415750868156472;24.74953737073393;24.960199522120725
24.9191145870543;25.36234646668745;24.757199594667888;24.961339351590365
24.943122331931512;25.387956105316224;24.69855012179259;24.970371440959678
24.898809662274683;25.366207763809847;24.716475483750024;25.01850709016545
24.93615012267442;25.39424922958614;24.70875364047618;24.960847007263265
24.930739950183472;25.372818813791024;24.71197892219508;24.984462313830424
24.90885247434323;25.336409182358445;24.729868659027332;25.02486968427099
24.944340747851953;25.37256097857475;24.712951083071736;24.970147190501564
24.893481543940293;25.514604357489755;24.670250938769883;24.92166315980007
24.927226371500353;25.39928452719642;24.703804289951297;24.96968481135193
24.900474888629905;25.353069076690154;24.685563276731546;25.060892757948395
24.93954794349483;25.375862316893656;24.714974874855898;24.96961486475562
24.938112577907802;25.377855623448546;24.710676942022012;24.973354856621636
24.86723061457557;25.375262427255507;24.668743289726528;25.0887636684424
24.94004568721869;25.3667374827589;24.72200844915468;24.971208380867733
24.939540134650944;25.400722363360018;24.70342772799851;24.95630977399053
24.932863615834826;25.392693407826055;24.71236204506119;24.962080931277924
24.918936177200422;25.45889894049067;24.710948263048678;24.91121661926023
24.975721193762485;25.252910521486953;24.82107484246032;24.950293442290242
24.940289516489685;25.37159459791179;24.71185194903765;24.976263936560876
24.914700518022165;25.380039656311965;24.749631450607758;24.955628375058115
24.922199730025095;25.428839611672043;24.703217800660646;24.945742857642212
24.921337863825475;25.380357439629513;24.72986731132609;24.96843738521892
24.990454115217485;25.419481134104892;24.637558888697672;24.95250586197995
24.889435591879703;25.537244426329615;24.573008429505247;25.00031155228544
25.038937559986547;25.46016279520746;24.55257092220343;24.948328722602565
25.030846036892836;25.451910089540448;24.60529592025517;24.91194795331155
25.01739922023655;25.535965580166557;24.644847116531626;24.80178808306527
24.940272551933475;25.475890852752396;24.68134821513264;24.902488380181488
24.918775789543616;25.41787892240966;24.71096554082863;24.952379747218096
24.912754833862984;25.41395372226222;24.710352164335884;24.962939279538915
24.881335034984897;25.44546457917709;24.695508137683753;24.977692248154263
24.920075334864293;25.383800546269935;24.724876515752285;24.971247603113486
24.88736101352783;25.27339250464815;24.693668159491708;25.145578322332312
24.867263723356988;24.989542691114366;25.028741338934463;25.114452246594183
24.966946726361694;25.000936227065555;25.074693086935014;24.957423959637737
25.049164409325712;25.07361042448905;24.97024259435549;24.906982571829747
25.051438486474236;25.09335132730509;25.00464069915959;24.85056948706108
25.01249186026015;24.963471324078917;25.199578408821072;24.82445840683986
25.048093886924015;25.108422603456887;24.98747804270801;24.85600546691109
25.039378572954046;25.10264669201765;24.999507995617883;24.858466739410424
25.044658247434693;25.092699563662396;25.011749424008624;24.850892764894287
25.066403609366468;25.052765543952273;25.05348678779629;24.82734405888497
25.03965451888276;25.0985905928186;24.99814633747468;24.86360855082396
25.076865457709435;25.085228003007913;24.98884722801147;24.849059311271184
25.03785391669452;25.039384054804785;25.0551954819442;24.867566546556493
25.052876056920276;25.099583240533185;24.992429110031868;24.85511159251467
25.043062289011107;25.09791606126169;24.994204437753286;24.864817211973914
25.062778665042302;24.95117619253992;25.01154414228933;24.97450100012845
24.976503721829648;25.027829378806054;25.049223063863508;24.94644383550079
25.021037192943435;25.012663000103746;24.99527044574438;24.971029361208434
25.02668102478493;25.005109497826535;24.99394588912991;24.974263588258633
25.00820529863167;25.012428109224537;25.02004976736777;24.95931682477602
25.018331088605887;24.977970309601947;25.044886026818787;24.958812574973386
25.034776494536764;24.940371238384206;25.074584600193557;24.950267666885477
25.015442777062308;25.03315679018175;24.993300260663005;24.95810017209294
25.038973419601042;24.99962761356242;25.04082626919289;24.920572697643646
25.019468604172896;24.995414974047648;24.99380508541722;24.991311336362237
25.09764875256224;24.92361690028311;25.082158117262747;24.8965762298919
24.980300488311737;24.946614236504576;25.077365512848875;24.99571976233481
24.984008220067714;25.01036293368959;25.034017102582308;24.97161174366039
25.01441000961806;25.029716907801564;24.99066381712357;24.965209265456807
25.013115408711933;25.039346226135805;24.987091133157545;24.960447231994713
24.957432317384644;25.011408138940915;25.04542823088711;24.985731312787333
24.999431769276715;25.03706541062215;24.989445812959314;24.974057007141823
24.497876701318187;25.21728646447326;25.159582306290858;25.125254527917697
24.650858961469474;25.016245715405326;25.665242187872337;24.667653135252863
25.208987380732534;24.63022468451831;26.11170616599979;24.04908176874936
25.228734540802744;24.624152301647527;26.061197166591842;24.085915990957886
25.22821485180647;24.592720177160285;26.056753091435535;24.12231187959771
25.232761853541664;24.54409455132748;26.104196314526362;24.118947280604488
25.228895598917767;24.590861507483787;26.081815026931178;24.098427866667265
25.203533355896703;24.64130140111773;26.026170137889114;24.12899510509646
25.26484841774898;24.90111599041959;24.891797190424548;24.942238401406883
25.202188174468652;24.934572729822335;24.90599354948847;24.957245546220534
25.279510970529394;24.865513496241178;24.909322527955347;24.945653005274078
25.250531816408312;24.888848980032947;24.919641487798618;24.94097771576012
25.235717850944123;24.900302616254713;24.919719930065902;24.94425960273526
25.234230485599284;24.903246804075295;24.88829197753892;24.974230732786502
25.162801509687377;24.85269570888475;25.008596113426723;24.975906668001148
25.18045805799226;24.84065266715098;24.861926095378177;25.116963179478585
25.15482614959635;24.875187037953513;24.867097789063088;25.102889023387053
25.23320347213602;24.912304643024203;24.926855454540224;24.927636430299557
25.30949685635317;24.844503485869815;24.932124370238064;24.913875287538954
25.209927511202224;24.905582230793925;24.926998393198385;24.957491864805466
25.195059606425225;24.871151601200218;24.882098303016143;25.051690489358418
25.22598234520183;24.9198746697587;24.927936799655228;24.926206185384245
25.216873926118886;24.888144733906326;24.90061653409817;24.99436480587662
24.790952971535653;24.844742022970507;24.776665807314956;25.58763919817888
24.912183229307015;24.39985693766749;25.035252201551323;25.65270763147417
24.900683031787032;24.851846598156072;25.050436298681976;25.19703407137492
24.91525672523172;24.778172415799027;25.148786628530605;25.15778423043864
24.887800434945706;24.8051141671182;25.13457205412549;25.172513343810603
25.06217436425551;24.817856318162875;24.72933913361981;25.3906301839618
25.49454528686746;24.934528523999653;23.552168323062233;26.01875786607065
25.48492847425891;24.881904566062694;24.440673353509915;25.19249360616848
24.73955990641149;25.022778176315768;25.490144065718017;24.747517851554722
24.636542173913227;25.229063904383004;25.553383659389766;24.581010262314003
24.67647387054737;25.61895489219311;24.215097095184827;25.489474142074698
24.191096353954762;25.79997261149404;23.674386388309472;26.33454464624172
24.790234002391188;25.176306390628266;24.824611230700295;25.20884837628025
24.791190194547656;25.266911341324942;24.728155956854035;25.213742507273363
24.861432667700047;24.627290126472285;24.937036737799414;25.574240468028254
24.722230584572912;24.595401599104445;24.779261816280272;25.90310600004237
24.2968220276948;24.920440172674823;24.87341906599662;25.909318733633757
24.592845612377566;25.013010833019738;24.836802580856553;25.55734097374614
24.545155712640895;25.11870463905644;24.747411432965315;25.588728215337348
24.608585981026394;24.91958379229088;24.72398373821423;25.747846488468497
24.677821221724273;24.911160102344503;24.888814140994782;25.52220453493644
24.634915029794747;25.044596483484145;24.785816228941368;25.53467225777974
24.66840191220036;25.09606245937639;24.733695404674755;25.501840223748495
24.78916365426227;24.955365276006557;24.74831640953358;25.50715466019759
24.33509022950016;25.07737258919482;24.558527432197533;26.02900974910749
24.81824353824503;24.216032995402408;23.912776972042376;27.052946494310188
24.82592243145273;24.862588642206557;24.248574499635655;26.06291442670506
24.791009187180027;24.861529949895193;24.25660986043902;26.09085100248576
24.788889790106435;24.877718493336673;24.259914274619792;26.073477441937097
24.78037914725187;24.955234094025744;24.191554042336954;26.07283271638543
24.785558897034417;24.88524555719279;24.246542775577;26.082652770195793
24.793640678329812;24.808312409520937;24.427985372162077;25.97006153998717
24.74712541904957;24.943364170145703;24.295039053252683;26.014471357552043
24.781420958004414;24.902668465367555;24.21195006015289;26.103960516475144
24.783014169808812;24.900013300628224;24.25512615491211;26.06184637465086
24.84662844072684;24.76408063360454;24.283786634402997;26.105504291265625
25.113248005503593;24.6782868967966;25.581600978662493;24.626864119037315
25.45692102429809;24.562796395508695;24.928032292479845;25.052250287713367
25.39502045987335;24.569361883502978;24.74556973133373;25.290047925289937
25.412028365244847;24.561512616793195;24.74919132556368;25.277267692398276
25.299902093945377;24.63240794090681;24.78030384944093;25.287386115706884
25.331474507671516;24.54629420736704;24.830902783803534;25.29132850115791
25.35912924802359;24.571324367316798;24.801486756036223;25.268059628623398
25.2771654057801;24.580647498160516;24.877450632242525;25.26473646381686
25.327073677918133;24.54919728302767;24.80420048150261;25.31952855755159
25.347827110739146;24.536014338925945;24.804609784297504;25.3115487660374
25.39385415334782;24.526207219878106;24.87259088778076;25.207347738993306
25.346021173006378;24.60892403443424;24.795770524828832;25.249284267730555
25.337056265916214;24.513252958166127;24.86813391853317;25.28155685738448
25.412216714461604;24.52438634967158;24.760446245722463;25.302950690144353
25.31939873437661;24.603101260372714;24.75523090030923;25.322269104941448
25.375896687898763;24.49793402620436;24.76551288861217;25.360656397284707
25.379096499947952;24.535371776468775;24.91211200797092;25.173419715612354
25.454111323731244;24.55676774679124;24.711345148823792;25.277775780653723
25.3082962247617;24.57571042795572;24.820108374912817;25.295884972369763
25.34687459657442;24.560644551741103;24.749262076300795;25.34321877538368
25.35239762153537;24.532983185604316;24.773250222184345;25.341368970675965
25.327968612984186;24.638807414350943;24.726988902663965;25.30623507000091
25.345848873514615;24.57971010300989;24.75530993352008;25.319131089955416
25.34510920628496;24.54101263167336;24.767842363714063;25.346035798327616
25.345559337461548;24.508384187368055;24.860671885771175;25.285384589399225
25.35315603785267;24.622187702644776;24.7038134770455;25.320842782457053
25.37069094580453;24.536321280282152;24.7796994749501;25.313288298963215
25.4066180392383;24.54170330541581;24.760274466275533;25.29140418907036
25.436293630314765;24.559252257321305;24.721046937207674;25.28340717515626
25.387033023477233;24.59593689709604;24.726931485054244;25.29009859437248
25.347386743728016;24.51831809291631;24.81653511978458;25.31776004357109
25.33507119026719;24.558474296502634;24.769823967820994;25.336630545409182
25.387744642685544;24.58458791120792;24.755197155578333;25.272470290528204
25.353608045756292;24.54565848248336;24.75638579860843;25.34434767315192
25.344405400123392;24.541068591237778;24.77008577170673;25.344440236932105
25.33780483119364;24.550352834845484;24.8098607139394;25.30198162002148
25.248937542520387;24.573875768312114;24.87196025245698;25.30522643671052
25.4525434222428;24.531030858797536;24.770095677954824;25.24633004100484
25.389153516175604;24.433367908210034;24.93721048504854;25.240268090565827
25.315504686734936;24.628541399674887;24.766285370082624;25.289668543507553
