24.744669524147533;23.832072947664418;25.344604002293263;26.078653525894786
25.10746758573083;24.99327106971882;25.409150919076;24.490110425474345
24.957847251684473;25.45498406673415;25.07653716537049;24.510631516210886
25.031214490709758;25.247994263120937;25.13301714626197;24.58777409990733
24.91373727449618;25.24923621160958;25.114476058129053;24.722550455765184
24.927854016060554;25.40890254145876;25.15898471164008;24.504258730840604
25.093719943935856;25.283841126900104;25.094452959860437;24.527985969303607
24.891127429608346;25.23463885275462;25.243879552650228;24.63035416498681
25.043623376263017;25.191994387033095;25.265922235039024;24.498460001664863
25.08481401248148;25.280573732770616;25.096073440937456;24.538538813810444
24.907435458238158;25.270897431614742;25.211305948128533;24.610361162018567
24.991043032928673;25.27411579610501;25.07700818099848;24.657832989967833
25.085051388868294;25.30887749525965;25.070440668722533;24.53563044714952
24.933733109026864;25.434238787497517;25.09804533115569;24.53398277231993
24.94573536322144;25.2818271712923;25.212253912332685;24.560183553153575
24.925389935805438;25.29787369211799;25.227656826026756;24.549079546049818
24.925444681989614;25.44519546862111;25.07105265763897;24.558307191750302
24.988717634060073;25.27813162537951;25.11550993700401;24.61764080355641
25.082544920006168;25.280747754273808;25.081667754595433;24.555039571124592
24.94744736932086;25.322228647799257;25.0686083141681;24.661715668711786
25.08456341113348;25.289552710482923;25.073215996678655;24.55266788170495
25.075002219000563;25.24897186307287;25.062612799195243;24.613413118731323
24.93788139627922;25.447972614593116;25.097581329843177;24.51656465928448
24.96331971244457;25.436484158771204;25.111279807895908;24.488916320888315
24.938609943186325;25.38423108812128;25.07669505712733;24.60046391156506
25.063387257961047;25.298680177644332;25.110118541082073;24.527814023312548
24.957092273894897;25.308423926499863;25.235978738162544;24.498505061442692
25.09318038067808;25.275406413968977;25.094782122180842;24.536631083172104
24.91422955539766;25.446327591285122;25.06279804231305;24.57664481100417
24.950445845348614;25.288167873150453;25.095936010084692;24.66545027141624
24.936412939753254;25.263723851329928;25.155709393953117;24.644153814963694
24.921362681388107;25.285435316638367;25.052116206918008;24.74108579505552
24.94901582801256;25.28140730226756;25.10226263777855;24.66731423194133
25.076618692531312;25.30844654035625;25.072544323712716;24.54239044339973
25.090133028536734;25.280891351470814;25.09857893048837;24.530396689504087
24.97565691126884;25.190454321542273;25.13685690044557;24.69703186674332
24.949814929159587;25.288133294231148;25.095404735562777;24.666647041046488
24.98951906180791;25.334696292785292;25.130252374991848;24.545532270414956
24.93322751881567;25.261902087853322;25.227465263806153;24.577405129524855
25.087483196482392;25.266383523336096;25.086509079519416;24.5596242006621
24.95177580908563;25.279790714819356;25.095688136807944;24.67274533928708
24.918387727215244;25.446689867394745;25.0815190122742;24.553403393115808
25.059634193182116;25.254156684651775;25.06836827711942;24.61784084504669
24.946355423356042;25.292901806154966;25.09428018072336;24.66646258976563
25.004567116980077;25.271108881180478;25.080753668793786;24.64357033304566
24.943637576443813;25.287473584493185;25.082278114413946;24.686610724649054
24.910108830626818;25.30961272004289;25.056974850591207;24.723303598739083
24.971722533405053;25.264528407138304;25.11547181117691;24.648277248279733
25.08474904560711;25.288385143765147;25.093688621893545;24.533177188734197
25.075409894340982;25.23715328667165;25.10747715115379;24.579959667833577
24.942479373211608;25.4397118072406;25.095635044986036;24.522173774561757
25.09431077617973;25.28504750235081;25.090117536868966;24.530524184600498
24.931936754972693;25.419277420230546;25.104402175189815;24.544383649606946
24.96219199224178;25.241002950724674;25.059058843008437;24.73774621402511
24.908932855701575;25.287521750331383;25.145182112700176;24.658363281266865
24.931035496758454;25.28420522109028;25.228519944150946;24.556239338000324
24.909928892299884;25.287202645311336;25.058511595027745;24.744356867361038
24.93651356238156;25.275207806152995;25.098292516430792;24.68998611503465
24.97426325150527;25.319275851220567;25.151033052059095;24.555427845215068
24.93154080867933;25.296930356302138;25.067137516351263;24.704391318667266
25.146077049405175;25.25267721154944;25.049063361929992;24.552182377115397
25.086881533889876;25.309160552434463;25.097808381266145;24.506149532409516
24.915327184632584;25.32238527388143;25.116027639573336;24.646259901912646
24.885911348787676;25.23384729989249;25.22222427679701;24.658017074522824
24.953312074910446;25.28631861704685;25.109982475639974;24.65038683240273
24.961352839527283;25.448782321136328;25.09812421577186;24.491740623564525
24.922862556729246;25.29269961350684;25.25383538042174;24.530602449342172
24.96516982763482;25.2469690419353;25.069378395142948;24.71848273528693
24.968742734295287;25.255761873861744;25.24342944526923;24.53206594657374
24.949199580002816;25.441474313428287;25.07403248924101;24.53529361732789
25.070610283048055;25.249467462278268;25.094961208753308;24.58496104592037
25.067592967439705;25.327229483546354;25.07500289167775;24.530174657336186
25.096754372374818;25.29005679782697;25.10009299373427;24.51309583606394
25.099069252035655;25.280793915533017;25.0924129480241;24.52772388440723
24.911695537953108;25.260225470295776;25.051336369773942;24.77674262197717
24.958488477876102;25.289389025615932;25.244814643931868;24.507307852576098
24.93220338369136;25.300353408086192;25.258083526300595;24.509359681921854
24.93973791799563;25.37868857125308;25.08277141157841;24.598802099172882
24.97333134560754;25.30685516932939;25.12133409529489;24.598479389768183
24.948442418321935;25.419922934983173;25.112680451535873;24.518954195159015
25.012440785574334;25.29675915678955;25.12741592628519;24.56338413135093
24.98615794288823;25.271657338296905;25.082810803419008;24.65937391539586
24.980129693061226;25.318540973290116;25.141813856509348;24.559515477139307
24.98283613625989;25.31691091621734;25.147149103422723;24.55310384410005
24.96718024868243;25.322103037500586;25.149197285393605;24.561519428423384
24.949506623300145;25.278214771189727;25.105762888291906;24.66651571721822
24.963421941094794;25.300930327677694;25.20441735224366;24.53123037898385
24.96955334948096;25.33134147340436;25.13124961905291;24.567855558061773
24.943008042077427;25.280165055103122;25.1529956193562;24.62383128346325
24.983189532644275;25.325868103189443;25.139326142854912;24.551616221311374
25.005260462803008;25.344100482932557;25.12485322205186;24.525785832212573
24.98606289192109;25.319592305947396;25.136276081615705;24.55806872051581
24.91677069188552;25.401405829138536;25.065200705654476;24.616622773321467
24.95825217693127;25.351245181327958;25.152986562425856;24.537516079314923
24.95913736824609;25.337976295872405;25.11114981398432;24.591736521897186
24.91795469974233;25.483251506820544;25.045364018588185;24.553429774848944
24.540755014020128;27.105968435217815;24.399787248649144;23.953489302112917
24.514545824795047;27.102875272881064;24.42098660123692;23.961592301086966
24.503819049290424;27.089246182285603;24.42707141196786;23.97986335645611
24.47715233674138;27.105452396548284;24.393031071113263;24.024364195597073
24.53242125021805;27.076141782775657;24.42597606488181;23.96546090212448
24.52605588719785;27.03371820724539;24.425213523540826;24.015012382015936
24.484869203288884;27.07628798021331;24.36321130543385;24.075631511063957
24.526075710750227;27.127245164392278;24.403253113299165;23.943426011558333
24.518323099016744;27.12575079193068;24.411727504367157;23.944198604685422
24.952229439167823;25.685794206425715;24.912509899155914;24.449466455250548
24.851991231822428;25.819919475240884;24.888408795474103;24.439680497462586
24.939913687519795;25.64627311235168;24.963284672654215;24.450528527474308
24.943527186554263;25.70249920660948;24.921640551557324;24.43233305527893
24.915303871358198;25.699662256697923;24.881562079041046;24.503471792902836
24.94050479336434;25.682184279161884;24.93973245542015;24.437578472053623
24.94673311162331;25.706488046508746;24.920465441341094;24.42631340052685
24.954594130495288;25.673978106789214;24.9215379835683;24.4498897791472
24.973533057823126;25.64184035739217;24.89848668964551;24.4861398951392
24.946679074111223;25.64033752364135;24.941580124293612;24.47140327795382
24.961730089057795;25.678454762847565;24.91224980016283;24.44756534793181
24.941881196232263;25.682937470885232;24.924347736854887;24.450833596027618
24.923692173024282;25.706124106316125;24.893681345092265;24.47650237556733
24.94344961494483;25.68665094336067;24.94695457049973;24.42294487119477
24.946482080044703;25.682544789305144;24.92345976826594;24.447513362384214
24.915745758986162;25.644230238321867;24.944707340441308;24.495316662250662
24.949382185184767;25.670509432940886;24.931508061910517;24.448600319963827
24.95352153937061;25.7030293215824;24.91641192601886;24.427037213028136
24.95343948032162;25.694009163150263;24.92448181948747;24.42806953704065
24.86910667519496;25.53855684336484;24.989218098593458;24.60311838284674
24.956560850318397;25.567130830961528;25.033077851769708;24.44323046695037
24.95566313422561;25.688470453226063;24.91688944932785;24.438976963220476
24.986874323471486;25.645026890284296;24.87364645354009;24.49445233270413
24.892349037347035;25.72521224181377;24.965757522916647;24.416681197922543
24.934174844555244;25.66449048814891;24.979280973702934;24.42205369359291
24.957410412057126;25.686888187747382;24.92032847825543;24.43537292194006
24.92007479070302;25.66808444261702;24.932697261163362;24.4791435055166
24.955476380414037;25.69562473407324;24.924499115478415;24.424399770034306
24.945089995535938;25.676880789703677;24.935188893498744;24.44284032126164
24.921320310178764;25.644390820708757;24.95336942429521;24.480919444817268
24.960658827026997;25.680556274287596;24.931554520735776;24.427230377949634
24.91395404935287;25.81971106853499;24.88319747300104;24.383137409111097
24.94614710025622;25.700860581532307;24.91983466447007;24.433157653741397
24.916595815938315;25.651355875323596;24.90897184645053;24.52307646228756
24.959253385804562;25.688530060302927;24.92877512478543;24.423441429107086
24.9576046327226;25.67974303933976;24.92676853392961;24.43588379400803
24.881452014093437;25.719639013732724;24.85249242246813;24.5464165497057
24.949236472514873;25.66590401417145;24.949507437131977;24.4353520761817
24.956971920556054;25.696619376644094;24.922782643643828;24.42362605915602
24.952815825352715;25.693909126571548;24.92888082978309;24.424394218292647
24.926025586683114;25.75267695966177;24.93838286854154;24.38291458511357
24.940476709604837;25.553923841048498;25.089980967306303;24.41561848204037
24.958094120974593;25.680289442398767;24.929880611005878;24.43173582562076
24.928818181487063;25.691942903555965;24.96736016857815;24.411878746378825
24.93866852354515;25.734958239081557;24.924824178531736;24.40154905884155
24.93904150624039;25.69173575994224;24.947699986453667;24.421522747363703
25.00339468869024;25.694499528776877;24.86515355420545;24.43695222832743
24.897882441937302;25.843796145316446;24.794821132552897;24.463500280193355
25.052075295246752;25.761109319613908;24.77145626426912;24.41535912087022
25.04790128058988;25.755240626127986;24.820548414893594;24.37630967838854
24.969988204059334;25.904372849154623;24.85815294359174;24.2674860031943
24.952970167119524;25.77326530263816;24.901118788347098;24.37264574189522
24.945930793524703;25.725342842530573;24.91809213821611;24.41063422572861
24.933296050018534;25.719337503130063;24.923986546748488;24.423379900102915
24.902068753889036;25.754391946606205;24.90653528474134;24.43700401476342
24.94156691139096;25.68697069282339;24.939006676750576;24.43245571903507
24.897930409867502;25.569990604539534;24.912985450378706;24.619093535214258
24.887812396657903;25.600367001755224;24.934323567432813;24.577497034154057
24.87141984376722;25.681686141375582;24.91132864199882;24.53556537285838
24.946853205899057;25.667620426345554;24.928978723578112;24.456547644177277
24.956467566505218;25.690600088123254;24.93126157920395;24.421670766167573
24.914215748757577;25.662692900756856;25.021068218783167;24.402023131702407
24.95312704874755;25.70717780648306;24.914301537994287;24.4253936067751
24.94287357402601;25.70492369658816;24.927238973233127;24.424963756152707
24.955759662343688;25.721908037844056;24.910675740501677;24.411656559310575
24.97142105934355;25.74038880472658;24.898281263984178;24.389908871945693
24.953658950665407;25.710672473589934;24.91578921838674;24.419879357357917
24.976865258842288;25.68766472521394;24.92236358311912;24.41310643282465
24.902754429773736;25.749368923851957;24.90472654273637;24.443150103637937
24.947235306299596;25.70094225385456;24.930451547210232;24.421370892635615
24.94968839455222;25.70317518174511;24.921846337968134;24.425290085734538
24.94016594511606;25.680154089294206;24.946133884906825;24.43354608068291
24.913831754301697;25.779543604106397;24.902127327533993;24.404497314057913
24.956754238627095;25.68984702765491;24.927562078264824;24.42583665545317
24.961253197985165;25.67961478533997;24.928002396256126;24.43112962041874
24.94417359060633;25.70548650690105;24.932053835061456;24.41828606743116
24.9532197015538;25.737431022709877;24.894857252335438;24.41449202340089
24.96776986758772;25.67935336605646;24.9508300510122;24.40204671534362
24.950355182697486;25.717578466165648;24.91437123837523;24.417695112761635
24.972205630376305;25.762982695552466;24.884607950425018;24.380203723646215
24.952362853001045;25.66508907420409;24.946996176400766;24.4355518963941
25.024138013038943;25.58999690843183;25.033582583939474;24.352282494589755
24.917246402028805;25.634392155677833;24.9907704254912;24.457591016802166
24.92134596743728;25.763283331202054;24.8841217609002;24.431248940460467
24.94999313195731;25.70260760104394;24.92586955912633;24.421529707872416
24.948844068734843;25.71143235230532;24.917654786281123;24.42206879267871
24.8916931424331;25.7844733550316;24.878070709282632;24.445762793252673
24.93518136919902;25.709315922168457;24.921804026021356;24.43369868261117
24.43084062599744;25.9074146206514;25.085246216796175;24.57649853655498
24.564086541153042;25.640517407033624;25.639836528670273;24.155559523143054
25.13494102486231;25.282973955725552;25.92341029787164;23.658674721540496
25.157982056829837;24.622515651208673;25.823997698900858;24.39550459306063
25.15647742772486;24.630873498223394;25.774580127928704;24.438068946123042
25.157857008340876;24.71576423608791;25.71436092768203;24.412017827889184
25.158478281485554;24.64981082344939;25.787322718517718;24.40438817654734
25.13174190626055;24.637441390743252;25.791567002514864;24.439249700481337
25.187191265333865;24.64401062763313;25.74041813708621;24.428379969946796
25.130573027533703;24.757659661870544;25.749808894284815;24.361958416310937
25.20867780096538;24.601097452097488;25.759061118809623;24.43116362812751
25.178048357949912;24.61914895984157;25.768178733373283;24.434623948835235
25.162413988093345;24.64876485949006;25.769699347484927;24.419121804931667
25.166456754615492;24.726650837773622;25.73476427844844;24.372128129162448
25.08940769545888;24.5264247617241;25.797606242899146;24.586561299917868
25.107976117936197;24.59321334811793;25.70299388142111;24.595816652524757
25.179468415052447;24.61293566517815;25.710738069042655;24.49685785072675
25.160959885298485;24.643479454723856;25.779026114079173;24.41653454589849
25.228497620505756;24.578398971913494;25.765427514464317;24.427675893116433
25.1393168415307;24.654905670090333;25.77847865733971;24.427298831039256
25.12370727228018;24.704283045180013;25.72862092431819;24.44338875822162
25.151067572319313;24.643421431987615;25.78045423058853;24.425056765104543
25.145464760625362;24.615440948458847;25.748187578692093;24.49090671222369
24.507856680565723;25.206664473940155;25.41840404876341;24.867074796730716
23.578980754920085;25.401948153258978;25.11703551667476;25.902035575146172
24.460490001952365;25.304990441676534;24.963208859837405;25.2713106965337
24.43087382092975;25.248536509381182;25.084775619852913;25.235814049836158
24.397507738130447;25.329608037909253;25.058271593284047;25.214612630676253
24.46675624181468;25.322515656628124;24.6402704879262;25.570457613630992
24.50680107759315;25.60148380982414;23.35593295051311;26.535782162069605
24.52193170438376;25.599674495139997;23.347100777214116;26.531293023262126
23.70028088526917;25.875507773363342;24.16051597385991;26.263695367507577
23.567447306987592;25.98357081216001;24.19040548152972;26.258576399322674
24.114573057746583;26.47328021555279;23.527708437782728;25.8844382889179
23.39421975185257;26.974706389972475;23.044274610666182;26.586799247508775
23.301946126212833;26.91688395984646;22.99880255603926;26.78236735790145
23.40825311409403;26.980987886116115;22.907322645235446;26.703436354554412
23.54581769243324;26.27639109251297;23.350929624645154;26.82686159040864
24.44017857192638;25.32623610099004;24.581071308897428;25.652514018186146
24.304350048150113;25.332643478430644;24.539559178123255;25.82344729529599
24.126293043176695;25.647176079324925;24.2704966554741;25.956034222024282
24.426268910592704;25.248559027858025;24.69874784489732;25.626424216651955
24.583819431172824;25.194348809547577;24.51587507594536;25.705956683334236
24.56005598913152;25.187522422118057;24.704733786970763;25.547687801779656
24.500119488659173;25.29410102736702;24.632910826143412;25.572868657830394
24.550857472735597;25.233783609536125;24.704406429182345;25.510952488545936
24.664967797782605;25.228650447711193;24.557435279105064;25.548946475401134
24.45958433161442;25.1006702750821;24.546721704946727;25.89302368835676
25.030399538844733;23.854317379789183;24.10633242469303;27.008950656673058
24.987026375774118;23.938239752575694;24.725930980705527;26.34880289094466
24.94680368152423;23.939531732125122;24.72852440952184;26.38514017682881
24.947784208690745;23.929370549901837;24.753929409736237;26.36891583167118
24.936553762502182;23.92593470181827;24.762856047190283;26.374655488489264
24.94436586424065;23.95946947661693;24.715447787183624;26.380716871958796
24.970369708005464;23.907987578851532;24.79210021460623;26.329542498536775
24.91486025670855;23.89110856539903;24.851098072981582;26.342933104910838
24.939746271175135;23.939506904359224;24.717684498840445;26.4030623256252
24.938393907019172;23.97110188002501;24.735237834512482;26.355266378443336
24.966981580298615;23.82875056556303;24.780029762345837;26.424238091792514
24.90165648522723;23.53159251815926;25.3996944701172;26.167056526496307
25.13678125322597;24.98511896950832;24.74947203398579;25.128627743279914
24.907379990390453;25.097764029253433;24.65430897378836;25.340547006567753
24.926880488103794;25.073432342323343;24.676836967870845;25.322850201702018
24.818234805748055;25.071413706247302;24.768354451941928;25.34199703606272
24.842550069829898;25.0853058688355;24.70528157782784;25.366862483506758
24.885702576742037;25.06968291729459;24.704701380724497;25.339913125238876
24.861610626087842;25.024868713436067;24.788167570913565;25.325353089562526
24.851381853494658;25.078118392926402;24.681511713020072;25.388988040558864
24.868473728472935;25.06516941653465;24.679401594879526;25.386955260112888
24.82265755030599;25.029913697830903;24.796537410621212;25.350891341241894
24.785685670363506;25.053848649590854;24.767412650203127;25.393053029842516
24.907472348026424;25.043417878890423;24.710006698287078;25.33910307479607
24.924647992903637;25.055206081883036;24.673799990005122;25.346345935208202
24.836616866376612;25.034798121881646;24.80577466780747;25.322810343934275
24.902163221175343;25.018656868084964;24.682914536098398;25.396265374641292
24.91082982454988;24.977830619363232;24.869348450113968;25.24199110597292
24.841279933151377;25.20492826942902;24.631810317031412;25.321981480388196
24.88985247725955;25.014764436148777;24.762973119246922;25.33240996734475
24.866494270164868;25.059431091544067;24.648421581807725;25.425653056483338
24.871315932903084;25.060286524824726;24.68975805891356;25.37863948335863
24.851383196605116;25.11640988072098;24.692049653095154;25.340157269578746
24.866628895511898;25.054062526326216;24.72279961631063;25.356508961851254
24.86622790110131;25.08406625666451;24.674261788550382;25.375444053683793
24.926916379864043;25.02244300145907;24.72647011869359;25.324170499983296
24.870718619083597;25.071208265214974;24.697195416583924;25.360877699117506
24.893130600932754;25.069268073935604;24.684677431793755;25.352923893337888
24.91654478468879;25.067416532169993;24.674378690248698;25.341659992892517
24.952484945951625;25.07595555514944;24.65029986263276;25.32125963626617
24.907325476684548;25.035550683215224;24.733448181355467;25.323675658744765
24.92520972752528;25.057136209987547;24.658482845451683;25.359171217035488
24.863232196983674;25.07281033634819;24.700210072606843;25.363747394061292
24.90717052393345;25.020612087913406;24.764577721486344;25.307639666666798
24.88153793747328;25.071098774441268;24.659456343396222;25.387906944689227
24.869248574729337;25.076855220929144;24.66286129966847;25.39103490467305
24.862762175385566;25.0491370145993;24.708480549207458;25.379620260807673
24.821534882847576;25.06898736670573;24.733172144972325;25.376305605474364
24.88977836745995;25.063040864602904;24.643115305783038;25.40406546215411
24.763882129661244;25.00166627631739;24.864007649604616;25.370443944416742
24.836168588433097;25.04905975811581;24.75579915253431;25.35897250091678
