25.10651189765163;25.071887956927817;24.992772252373904;24.828827893046647
25.337898324781012;25.012245752835106;24.996199593947726;24.653656328436156
25.097525826528084;25.145035024836755;24.954206411630253;24.803232737004915
25.089669182158623;25.09740298799885;25.018518168428542;24.79440966141398
25.08039817700248;25.086147748659393;25.01561966966794;24.817834404670187
25.064856926590366;25.087715893235686;25.032078031023495;24.815349149150446
24.83052382677676;25.789458629698135;24.787380103354245;24.592637440170858
25.075595828780877;25.04101386953747;25.123542796427532;24.75984750525412
25.19497514290463;25.025404098738314;24.948402855357582;24.831217902999473
25.070290915000815;24.984560377051846;24.98395091825126;24.961197789696083
25.293243496703266;24.98407797566661;24.960993616762543;24.76168491086758
25.087828510047505;25.04894635244123;25.047571730707674;24.81565340680359
25.114804197862362;25.038402457757297;25.020461152033413;24.826332192346925
25.169540827809367;25.022612521179333;24.9952227067931;24.812623944218203
25.156778975716747;25.015400774490864;24.957250357534207;24.87056989225818
25.098927803228083;25.022987373364202;25.00533635453098;24.872748468876736
25.112639512375935;25.024298834479637;25.049215435937565;24.81384621720687
25.080978872612135;25.04717019329657;25.021661848423747;24.850189085667548
25.06286412494909;25.067291176001845;25.007968691894956;24.861876007154116
25.088053354906815;25.04513659369173;25.037243855996998;24.829566195404453
25.070673924370585;25.09709580982155;25.020416911484837;24.811813354323025
25.08441649402449;25.096765631796636;24.994839166304182;24.823978707874694
25.09537915484985;25.066884931145335;25.0102789565377;24.827456957467113
25.123348347891984;25.054050384887372;24.98941281120763;24.833188456013016
25.187036588118268;25.404375193305974;24.777436909110666;24.631151309465096
25.09547838517373;25.081456062414915;25.008228376896664;24.814837175514686
25.059564660691418;25.094186939820744;25.01224071702945;24.834007682458388
25.08650764992053;25.079683710403376;25.00405171408831;24.829756925587784
25.041682362122376;25.015139161075904;25.127510676883414;24.8156677999183
24.72334799229686;24.610291933737653;25.863968650896307;24.802391423069185
25.229814886757516;25.042380791410828;24.982467470219927;24.745336851611732
24.96222111937011;24.946050085594955;25.381552753815527;24.71017604121941
25.042937760693544;25.028494663884775;25.014399593505132;24.914167981916545
24.890024251293013;25.13002036820977;24.813980537842983;25.165974842654233
25.04405469514151;24.97930914318073;24.91040561999311;25.066230541684654
25.08231154663499;25.017777649897443;25.008940205439757;24.890970598027813
25.08336732246911;25.055697774753483;25.025363752072654;24.835571150704755
24.98179051483642;24.995181334009636;24.90388029419224;25.119147856961703
25.458331939379747;24.860953129704594;24.776688635375198;24.90402629554046
25.01011263225076;24.894603899430994;24.913480812965744;25.181802655352502
25.419842462323;24.927924236215453;24.898420070117925;24.753813231343624
25.096855020460413;25.059406682145312;24.96204100252606;24.881697294868214
24.93958542245423;25.49535155606521;24.844585398464325;24.720477623016237
25.092769776417683;25.04163908216588;25.033816849090044;24.83177429232639
25.09725113305874;25.045211627323322;25.015685666622378;24.84185157299556
25.09765724497552;25.048955979353927;25.024707232036057;24.8286795436345
25.09152727728705;25.045686552222453;25.021430025058226;24.841356145432268
25.086569672492192;25.07166139229784;25.020160060717362;24.82160887449261
25.09771108346453;25.049390735460165;25.011223777036456;24.841674404038848
25.181245425125258;24.84684217793355;25.13358161387395;24.838330783067242
25.397263530734403;24.971339806138218;24.91190390322626;24.719492759901115
25.08914385142283;25.058918673849913;25.022770995266086;24.829166479461175
25.069119089126175;25.06333079102201;25.057882981041622;24.809667138810198
25.071208963458737;25.064580339892423;25.030462424477555;24.83374827217128
25.073590616120097;25.064979796465735;25.010444605321485;24.850984982092683
25.0801002799294;25.060239157888425;25.02876115314424;24.830899409037936
25.056985863307403;25.081826976399192;24.98246252403203;24.878724636261378
25.07553301412864;25.057508597289914;25.04590872506697;24.821049663514476
25.056378547326897;25.062784129980574;25.047712170795442;24.83312515189709
24.93210684579684;25.316819918403883;24.834418854137617;24.916654381661655
25.1068320872665;25.07472710767346;24.97988825991011;24.838552545149934
25.11818245960629;25.038580037521683;24.996426936735975;24.846810566136043
25.088644507413903;25.04347891272733;25.040292957915412;24.827583621943358
25.083454606901213;25.04552069467339;25.02931256853968;24.841712129885714
25.075441458871772;25.060100492354785;25.061724829985994;24.802733218787452
25.07974029758917;25.058692097210304;25.01740524262099;24.84416236257954
25.12643496211393;25.08896078618237;24.963131548894914;24.821472702808787
25.094798190604312;25.064519668846447;25.0204227613199;24.82025937922934
25.092797319933;25.04790619765494;25.00100502512563;24.858291457286434
25.15921310944552;25.04756154328775;24.976725202220887;24.816500145045843
25.099024816831644;25.03141603650874;25.005327865840666;24.86423128081895
25.060721943329984;25.030681310170248;24.97985426733601;24.92874247916376
25.09395898527473;25.093323590615217;24.986259590488142;24.82645783362191
25.01161048030988;25.176291022651103;25.01386981701883;24.798228680020184
25.040468653622767;25.016359668485798;25.001017587035;24.942154090856434
25.070180012489917;25.086752398448663;25.024100695433905;24.818966893627515
25.079708006436775;25.43885340742679;24.69918092575991;24.78225766037652
24.29655099558012;26.464915299866753;24.785906824741776;24.452626879811344
23.93615655255656;26.625747964765402;24.632116900793548;24.805978581884485
24.020769421826017;25.86824551864258;24.5467177734965;25.5642672860349
24.017495748105084;25.832072666613588;24.533335769824664;25.617095815456665
24.009095734710073;25.815979552115653;24.548498030016624;25.62642668315765
24.085404572483256;25.761915916204064;24.461035680722023;25.691643830590653
24.0366034148748;25.7956610153176;24.53583933964648;25.631896230161118
24.51042045918424;25.21431172012048;24.81757300941096;25.457694811284327
24.531924021203068;25.2946096980385;24.865160386979785;25.308305893778645
24.514579555925454;25.285616621585472;24.87828077163154;25.321523050857536
24.437022089584293;25.18064957785046;25.020693604893086;25.36163472767216
24.644241709400916;25.041768722931433;25.0306458452576;25.283343722410052
24.41661309091863;25.19829755280786;25.021169569513397;25.363919786760114
24.48839155636837;25.154830910387155;24.998191831210026;25.358585702034446
24.419726069084653;25.28501838214728;24.974770698655853;25.32048485011222
24.42301684118006;25.207840981717254;25.03231209399222;25.336830083110467
24.505123773438644;25.202795432702768;25.014139320758893;25.277941473099695
24.495073202921404;25.13639566486595;25.06034068158686;25.30819045062578
24.368400032244118;25.445463472544866;24.930565224719516;25.2555712704915
24.428783114677074;25.195947329743273;25.016082980953414;25.359186574626236
24.448381778198357;25.201844282924274;24.995581685134105;25.354192253743264
24.451553018205047;25.214837511977006;24.989894402746728;25.34371506707122
24.456000543684826;25.21023738386917;24.96406897749497;25.369693094951028
24.469517803179606;25.201631242230377;24.983071061115997;25.345779893474017
24.693259419565024;25.10201315303609;24.775758029007726;25.42896939839116
24.64634978138804;25.315838383338967;23.90314776505647;26.134664070216523
24.67287595373513;25.264101332258846;23.80476389728331;26.25825881672272
24.73265446764625;25.23457492180836;23.80339079434996;26.22937981619543
24.660538888089217;25.252753730473703;23.821110905480957;26.265596475956123
24.7181032941065;25.236881886923385;23.814444177803185;26.230570641166928
24.68283335065512;25.239503353545246;23.805686576280163;26.27197671951947
24.663132922542104;25.28088568050673;23.791702225945617;26.26427917100555
24.62443991679374;25.31953396521113;23.806757589866034;26.2492685281291
24.606562996665524;25.185775924346775;23.729881947651275;26.477779131336426
24.681608451468776;25.25105956531724;23.818558573605863;26.248773409608116
24.799260481049824;25.243075425236345;23.804301949523172;26.153362144190663
24.013635908100117;25.43187683210984;24.242258161501265;26.312229098288782
23.252353874594117;26.05465395090148;24.429530629902906;26.263461544601498
23.05737988247494;26.226785658171764;24.470037394337428;26.245797065015868
23.05732361409354;26.239443807836377;24.478040231489953;26.22519234658013
23.110169163473078;26.189563736306276;24.466573762242096;26.233693337978554
23.07679655246147;26.205569353751006;24.451864401204006;26.26576969258352
24.172099928991027;25.56133162709277;25.11059552605498;25.155972917861224
24.273255813953487;25.74599980123236;24.931363049095605;25.049381335718547
24.10820814827129;25.59159780323571;25.08992580844957;25.210268240043433
24.081505136163038;25.617209466778164;25.0945199918435;25.206765405215297
24.136507290194057;25.67046382111578;25.057033424726345;25.135995463963816
24.35652926211925;25.791252721664936;24.97499445214533;24.877223564070487
24.28932674222152;25.882935375939986;24.892428196511325;24.93530968532717
24.055165900937887;26.32936992952788;23.92918105672661;25.686283112807622
23.319229865162296;26.42284761843708;24.10325448212492;26.1546680342757
23.31525446527224;26.41428310642673;24.091813107099277;26.178649321201757
23.359024307614128;26.279178527108087;24.36579626676879;25.996000898508992
23.197152311789765;26.71116668721417;24.27755958286612;25.814121418129943
23.983411260223622;26.1129780075898;24.103775523584545;25.799835208602033
23.066840389859884;25.991963345971303;24.64482606160913;26.296370202559675
23.297229477134223;26.256593434731396;24.30272827367235;26.14344881446203
24.460143752419413;25.23121750138626;24.809324028834183;25.499314717360143
24.33097586272944;24.786327875132358;25.922178172737425;24.96051808940078
24.501811121433864;25.228869380043218;24.75651638360283;25.51280311492009
24.440426230149505;25.295407572257222;24.67949066236061;25.584675535232666
24.4555652002935;25.285705379365908;24.65746526695409;25.6012641533865
24.449214589989353;25.31116879659212;24.662872736954206;25.576743876464324
24.55662691417351;25.21784408072621;24.72956385178865;25.49596515331163
24.444195104749387;25.248048471636718;24.623118598425954;25.684637825187938
24.401266867317588;25.240280275314692;24.58371293244487;25.774739924922844
24.387706124710483;25.32221330988207;24.644768080507422;25.645312484900025
24.86484914771647;25.19028479533341;24.97981404316328;24.96505201378684
25.199496936756717;25.059511989428806;24.80650942262951;24.93448165118497
25.273204908683955;24.997069997055704;24.87358109247661;24.85614400178373
25.24242126504977;25.054228295455406;24.82030972481502;24.883040714679808
25.178105450002654;25.53696924093555;24.429025520810725;24.855899788251072
25.222301419999294;25.06078850654898;24.780984445219573;24.93592562823215
25.025475607577512;25.382511530071284;24.643530202119067;24.948482660232134
25.088883331126578;25.26002971768202;24.689705226094674;24.96138172509673
24.90584980043586;25.40659663556894;24.76652219691961;24.92103136707559
25.201552260590432;25.12536920429386;24.70870459218643;24.964373942929274
25.065341767416875;25.702693759321694;24.687678341062444;24.544286132198984
25.248897563796717;25.479650112050894;24.783344176968118;24.48810814718427
25.333244080188127;25.46537754080421;24.334967053947707;24.866411325059957
25.100004852921803;25.716672559500285;24.339829315807354;24.84349327177055
25.11655997729976;25.682764222139497;24.376459440251786;24.824216360308952
25.182419228859548;25.623767780974976;24.457968809433243;24.735844180732233
25.077729756080164;25.74801885726855;24.34591079061417;24.828340596037123
25.110032028102076;25.74587103154104;24.33279707171638;24.811299868640504
25.061466334773915;25.838156468090958;24.362964433517096;24.73741276361804
25.09514665808143;25.801704016281292;24.277057869864667;24.826091455772612
25.14318792014637;25.68946910660628;24.423830425942246;24.743512547305098
25.11109796147815;25.726500784046863;24.376756708778366;24.78564454569662
24.808747974424357;26.205610059416884;24.071375632796112;24.914266333362644
25.0871735553896;25.725884790530788;24.386977590360093;24.799964063719518
25.1111805784929;25.741990279809375;24.36535648563205;24.78147265606568
25.0675540805048;25.805807714422755;24.326917061166608;24.79972114390583
25.085337066950547;25.53863599546412;24.394251463747658;24.98177547383768
25.03440184249026;25.286150904587394;24.022190999029505;25.65725625389284
25.50893670376986;25.62278948177764;24.22343533753652;24.64483847691598
25.499413604378418;25.583952306489444;24.224003127443314;24.69263096168882
25.12483016932519;24.9105537897823;25.363271203868315;24.601344837024197
25.09827653342394;25.35621368108552;24.688553295023052;24.856956490467486
25.135173826382847;25.3322908522283;24.72992765034303;24.80260767104582
25.11070472043402;25.335802199087908;24.730964002207738;24.822529078270335
25.096813512838633;25.401538012265164;24.68585866708425;24.81578980781195
25.105272592100665;25.345937638661564;24.760583825780838;24.788205943456937
25.13668758029855;25.20092642204055;24.931584193212;24.730801804448898
25.078508533779658;25.40653705994637;24.712975039604128;24.801979366669837
25.128094493285154;25.336641317440627;24.742163014100882;24.79310117517334
25.106034144776707;25.29885590048829;24.811989877748868;24.783120076986133
25.24439457629691;25.0880145701718;25.128396928772567;24.539193924758724
25.176559498022854;25.296305954858244;24.7558502796745;24.7712842674444
25.171681342929613;25.36258569336873;24.690295990124824;24.775436973576834
25.13399361304469;25.33678680225457;24.703977866403733;24.825241718297008
25.055233773213114;25.406042873350447;24.66173045918672;24.876992894249717
25.575836656358707;25.17034466818994;24.586096832422978;24.667721843028374
25.247751402475778;25.162849459872966;24.81686679957346;24.772532338077795
25.128173514574282;25.398904745759225;24.628322493809655;24.844599245856834
25.29280860511447;25.20913049898576;24.578565451563847;24.919495444335926
25.149326728964184;25.326489625174304;24.743491019584173;24.780692626277343
25.129696527080426;25.37852606319853;24.663597595169474;24.82817981455157
24.314647114032155;25.161855252464;24.95879704999459;25.564700583509257
24.416643187248663;24.53885813186773;24.97392869819129;26.070569982692316
25.591210838365075;23.672083787387866;24.605904922345303;26.130800451901752
25.718672762148138;23.37957655274273;24.517814418839276;26.38393626626986
25.847155358189944;23.437062323295326;24.97133509368849;25.74444722482624
25.662510807483763;23.234884789812522;25.73482854268514;25.367775860018575
25.62448275916015;23.3053664763794;25.4997974058563;25.570353358604148
25.77437295127251;23.50317787958807;25.156892291580263;25.56555687755916
26.016871518779606;23.14175700897953;25.66562648495329;25.175744987287572
25.099067147077697;24.451781445886773;25.05200143841267;25.397149968622863
25.15654150583826;24.43066326164186;25.12347112103594;25.28932411148394
25.09631942601564;24.443148778404304;25.053123383780367;25.407408411799686
25.095213718965958;24.445098541080114;25.048886613770154;25.410801126183774
25.10490532424966;24.4285008455056;25.069067021106324;25.39752680913842
25.089075700427284;24.442928920374673;25.041580258597897;25.426415120600147
25.11070251003683;24.436250758002657;25.039728113465443;25.41331861849507
25.150307923635822;24.348222767968856;25.17666025205227;25.32480905634305
25.086571364173455;24.443177083689065;25.08144879824603;25.388802753891444
25.097293731434174;24.438975263776285;25.070555032925686;25.39317597186386
25.090827199672773;24.4216588114448;25.07175406223358;25.41575992664885
25.076832559809702;24.505329811033207;25.073966616821735;25.343871012335356
25.116661052052457;24.404236276254963;25.13041519573741;25.348687475955167
25.120564073569028;24.445600903081157;25.056980586494088;25.376854436855727
25.127077121948165;24.467818943769153;25.052436252944975;25.3526676813377
24.91159219518449;25.002759961681047;24.885773198813393;25.199874644321067
25.101251572486017;24.46097998689514;25.054392947485287;25.38337549313356
25.16107488775908;24.400384495118534;25.109731664099506;25.32880895302288
25.12203166226913;24.440550791556728;25.029064973614773;25.408352572559366
25.097397191853045;24.45659211572969;25.046524964389437;25.39948572802782
25.06698073840658;24.87744572317748;25.015892082038242;25.0396814563777
25.07040277206652;24.83907241789916;25.029476593148956;25.06104821688536
25.03299767621999;24.876426542731732;25.096411050864965;24.99416473018332
25.067277294426344;24.843330683298433;25.02136823914512;25.0680237831301
25.01839345096083;24.865810311591854;24.954525953693153;25.161270283754167
25.123629148200514;24.687332913513064;25.13265924456115;25.05637869372527
25.008614663634305;24.891455238207758;25.102801652702706;24.997128445455232
24.794803286225132;24.766719180097986;25.336672648965987;25.101804884710898
24.929250294589217;25.203556319663107;24.679332393223483;25.187860992524197
24.955373024843137;24.966706859803608;25.164261899739635;24.91365821561362
24.869497137325457;24.855998503580032;25.44935987550403;24.825144483590485
25.043706293706293;24.84438207532378;25.01509141083132;25.096820220138603
25.00484053259367;24.821125435085083;25.114934506468302;25.059099525852947
24.64165096029698;25.042560905026107;25.88317853107105;24.432609603605858
25.07229151092395;24.867741941266843;24.986599403740694;25.07336714406851
25.05033723382799;24.881976706423682;25.018545296673466;25.049140763074863
25.05482658841432;24.87580099359205;25.01454582957931;25.05482658841432
25.061580005497735;24.8497555664552;25.01846052681223;25.070203901234834
25.037598216546968;24.988978485378123;24.989447486000333;24.983975812074576
25.025487764032995;25.00745310067391;25.06045292768836;24.90660620760474
25.047063646784196;24.85908795533207;25.044274689937723;25.049573707946017
25.060689046777373;24.87203734320013;25.015469757021684;25.051803853000816
25.036799905909852;24.873428538350005;25.03551351718891;25.05425803855123
24.976688777761925;24.940850884499117;25.1256815006786;24.956778837060366
25.06899947242604;24.853743035475826;25.047082453391113;25.03017503870702
25.04835320800924;24.88850932973409;24.99617348713596;25.06696397512071
25.12577629773546;24.79371175209879;25.034869612219673;25.045642337946077
25.224783841785296;24.51518225374985;25.18131068128653;25.078723223178322
25.104805969618788;24.786066581475634;25.060541097671894;25.04858635123368
25.0530745532499;24.946171279030743;25.18429973641838;24.816454431300976
25.28119155507082;24.788708111734522;25.085922244585117;24.84417808860954
24.966983960623427;24.9010398074079;26.535047998550986;23.59692823341768
25.164320709230886;24.566140446379965;26.291002410762893;23.978536433626253
25.182093290201397;24.725402213478525;26.00794298727526;24.084561509044818
25.439400072434438;24.767251113146852;25.431730543897395;24.361618270521316
25.549980806038985;24.632697382373234;25.374953357332497;24.442368454255288
25.429107627411017;24.432648147649726;25.38176203886987;24.756482186069388
25.44163459437034;24.39130547519475;25.38996084648637;24.777099083948542
25.439446443562613;24.385810493459616;25.380274189432573;24.794468873545195
25.48879543121056;24.359934668941804;25.32711202376472;24.824157876082914
25.408053412260372;24.441631531103894;25.40277919974684;24.7475358568889
25.380079067714647;24.458091920130965;25.470071023216363;24.691757988938033
25.43674403452786;24.38521966454298;25.37645317977534;24.801583121153826
25.409624456432457;24.402788162045994;25.414150693520103;24.77343668800145
25.351049234367373;24.50392714750053;25.4781175473974;24.666906070734697
25.445642938406372;24.593528132605595;25.28334221402958;24.67748671495845
25.409309435717926;24.443361322196864;25.381360337161563;24.765968904923643
25.41281360217725;24.415294197255996;25.39267836600908;24.779213834557677
25.444606601340602;24.40473980482149;25.35321484773277;24.79743874610514
25.249343472559378;24.70802932203912;25.49979970349269;24.54282750190881
25.40281303902755;24.415306738959618;25.423787178226963;24.758093043785863
25.416848950446052;24.39670078378019;25.380312069830314;24.806138195943443
25.204912436159272;24.62439042153849;25.293826680949593;24.87687046135265
25.37825515802488;24.405687350282047;25.431419519357085;24.784637972335986
25.31483686149038;24.476046975953967;25.589214628520406;24.619901534035243
25.37950101653349;24.414444897522436;25.419410439495287;24.786643646448784
25.39488164163654;24.415882128197342;25.402555587122137;24.786680643043976
25.397508933576784;24.394536816358233;25.410349482150075;24.797604767914912
25.40355177719248;24.41703392703471;25.429890213054474;24.749524082718334
25.38264416301967;24.508294692977763;25.51627700755444;24.592784136448127
25.36269920184127;24.518878566358413;25.530268437950305;24.588153793850008
25.388170007249666;24.420157197769814;25.442933662958385;24.748739132022134
25.407554236184176;24.459673580840725;25.379214890525574;24.75355729244952
25.331704951366053;24.323901929729303;25.38777456791755;24.956618550987102
25.37174611073591;24.383582743871372;25.405218071304166;24.839453074088556
25.36633614247887;24.435535380970986;25.46788086246349;24.730247614086657
25.279938285004395;24.57796360551828;25.484653070220848;24.65744503925648
25.375096183722707;24.489636559738024;25.424550478356426;24.71071677818285
25.393542492576586;24.40041677487586;25.41794822855033;24.788092503997223
25.420905192004167;24.369447910555063;25.387685620553164;24.82196127688761
25.38226150524207;24.428965373708994;25.471038528577743;24.71773459247119
25.411150070574106;24.394052614435438;25.417217527926272;24.77757978706418
25.39215871257018;24.41718654318849;25.40004905736109;24.790605686880244
25.414170006705834;24.381410325742664;25.398100735787192;24.806318931764313
25.42264736153996;24.39393307185179;25.422821218949064;24.760598347659187
25.403357787810382;24.403075620767495;25.44920993227991;24.744356659142213
25.38898321596571;24.384167896011355;25.412990230188992;24.81385865783394
25.404777849404493;24.37929890661476;25.417608071148273;24.798315172832474
25.403252322752166;24.37723311444506;25.42579875430966;24.793715808493115
25.4766393321202;24.31199741779755;25.486462928398456;24.724900321683798
25.428851213735754;24.534544305500372;25.444337724828163;24.592266755935714
25.062193195368348;24.54043616950445;26.08694336333537;24.31042727179183
25.28888464971535;24.261470325706142;25.469539877256945;24.980105147321563
25.331625301307177;24.347452361398698;25.554346902637175;24.76657543465695
25.288976097038883;25.34682228224861;25.113398909331842;24.250802711380665
25.378958873846834;24.41409576535058;25.421290485804853;24.785654874997725
25.389160297420922;24.410755191151505;25.444759920826137;24.75532459060144
25.39746502252348;24.395230234883762;25.40430432299243;24.803000419600327
25.384479113767078;24.486908459603416;25.503525326845626;24.625087099783872
25.35054305901526;24.43443522910934;25.48819889545796;24.726822816417442
25.28052280474074;24.503394486236107;25.64190029674504;24.574182412278116
25.331814910207584;24.416679252163004;25.386646856415133;24.864858981214276
25.404799146616636;24.35320084960064;25.373969915966704;24.868030087816024
25.425043114842836;24.416722264882488;25.392313599113788;24.765921021160892
25.460723270082298;24.463153521303116;25.50767777259223;24.56844543602236
25.422943511526853;24.395794983533065;25.35000062611919;24.831260878820892
25.42464222834184;24.451774186266988;25.38288339126902;24.740700194122162
25.420204112757684;24.39137922269388;25.37969294120638;24.80872372334206
25.43231039455244;24.491531297598943;25.462739907122366;24.61341840072625
25.4236792660921;24.386970583623672;25.387536640915048;24.80181350936918
25.448500511073785;24.37407157537517;25.39684527378058;24.78058263977046
25.525660499922903;24.487790634729517;25.34193768515815;24.644611180189433
25.302800082706867;24.68515430711184;25.486045113181312;24.526000496999977
25.437141963486166;24.38290251123651;25.366873615520735;24.813081909756587
25.35249450632522;24.469075107592612;25.573805533036342;24.604624853045827
25.448561357955096;24.388157182960647;25.368842424138894;24.794439034945366
25.401744027352784;24.369406254938298;25.449726328492005;24.779123389216913
25.413927477169292;24.419192670375107;25.387155308326143;24.779724544129458
25.231077949015262;24.33972528759823;25.857169141249088;24.57202762213742
25.226989791683955;24.98851910255346;25.20928431128448;24.575206794478103
25.4873278480365;24.412206568402645;25.32918757761664;24.771278005944215
25.198616985208993;24.319468292370452;25.916684764182857;24.5652299582377
25.395458398150954;24.39264329941826;25.447879825579616;24.764018476851174
25.42368309610317;24.371454696995446;25.387808608258684;24.817053598642705
25.38927782327332;24.38170099681305;25.432187475908773;24.796833704004854
25.169575834313108;24.37933111612041;26.021593082841743;24.42949996672474
25.415426363387795;24.421034167883324;25.386020212859258;24.777519255869624
25.41808400108168;24.401446036919484;25.375955366419493;24.80451459557934
25.42248506165119;24.392796335992657;25.380914339007436;24.80380426334872
25.217373286331835;24.7001323535887;25.154693113210236;24.92780124686923
25.334397478380343;24.450584606266332;25.32665211886096;24.888365796492362
25.38273831045747;24.40352928470471;25.43736490092865;24.776367503909167
25.270981247165956;24.226189366975383;25.54336010534881;24.95946928050985
25.425824644388094;24.37007515890252;25.433641852479333;24.770458344230047
25.57203135180956;24.26127773173833;25.382724874586437;24.783966041865675
25.563119966240876;24.375030562513246;25.33057319880394;24.731276272441942
25.419816450652643;24.408575324747677;25.394141825659606;24.777466398940074
25.419073235260054;24.415450537369573;25.387429678720036;24.778046548650337
25.39770286425986;24.388335159364207;25.43366845717597;24.780293519199965
25.38468513822399;24.39909070157939;25.4525385623204;24.76368559787622
25.385878442599157;24.407380636642518;25.40167213991793;24.805068780840394
25.42734764551952;24.40991524651417;25.3762481936181;24.786488914348208
25.446812417350955;24.37019002438202;25.367893065160548;24.815104493106475
25.284610058681317;24.774695526826555;25.381939321021985;24.55875509347014
25.428740075121947;24.408904309452335;25.37437725928798;24.787978356137735
25.41515849845809;24.38772683407968;25.396284198253216;24.800830469209014
25.41914356463595;24.400422652223362;25.38994507134273;24.790488711797963
25.27008196107224;24.873012781132473;25.264587922104514;24.592317335690776
25.42498939190152;24.38985818812112;25.367369019341968;24.817783400635392
25.437927217465806;24.410729138654546;25.38914703472774;24.762196609151914
25.438976923474364;24.40609925458078;25.371496208711118;24.783427613233737
25.429393593703935;24.373694194854966;25.388056449235425;24.808855762205674
25.43071345318944;24.36731141494565;25.38660296659988;24.81537216526503
25.397615403155882;24.39187772132959;25.397615403155882;24.812891472358647
25.420703680296718;24.39094381936738;25.360822348177603;24.8275301521583
25.41705419248353;24.397588388634905;25.387744141264623;24.797613277616946
25.419900437452547;24.40171931240211;25.395756360852285;24.782623889293053
25.338898028260363;24.298135680819367;25.64562058959643;24.71734570132384
25.463045342046943;24.4469068301547;25.470863866017456;24.619183961780898
25.398131096105313;24.309801514221405;25.33101425550781;24.96105313416547
25.422024389870394;24.36715483841328;25.393183291560533;24.817637480155792
25.368264805661383;24.49384219930276;25.39062583188342;24.747267163152436
25.43139854519767;24.407781469101234;25.380721053682308;24.78009893201879
25.43404351451832;24.39024730370077;25.36292313141652;24.812786050364387
25.525772054754086;24.298417149393057;25.266022211563293;24.909788584289565
25.17817597127483;25.150802223438834;25.16954460934456;24.50147719594178
25.430556055650968;24.391679595220168;25.38171195443722;24.79605239469165
25.436524086997093;24.384961798972263;25.36753392429943;24.810980189731218
25.41992245308708;24.40896377197656;25.399018824365122;24.77209495057124
25.427217774873384;24.439724808945524;25.447185463522665;24.685871952658424
25.407914153828713;24.40368859771572;25.405605106772434;24.782792141683128
25.412931900801922;24.40968779717945;25.43333400778315;24.744046294235478
25.42609552753706;24.413049132750146;25.39022820923515;24.77062713047764
25.438810756304626;24.38942282097774;25.37461364298263;24.797152779735008
25.42652679908625;24.39783266510936;25.392188631003336;24.78345190480106
25.444895310246007;24.386913539789173;25.358149158401687;24.810041991563132
25.29740123872159;24.673742736877262;25.54961517114692;24.479240853254222
25.56834623632897;24.530556909940657;25.25280754121625;24.64828931251412
25.482081490722074;24.445007189158137;25.33846828442553;24.734443035694255
25.29342562446992;24.686967068844446;25.372462829714344;24.647144476971295
25.42958446498595;24.400021915578062;25.396398018205584;24.773995601230403
25.418671242291545;24.410447328911133;25.384385366976282;24.786496061821033
25.439096462880162;24.37773916508035;25.3995307450529;24.783633626986585
25.497199067249188;24.667305475890537;25.207389637888983;24.628105818971292
25.438398999374613;24.385976529448552;25.383217452084022;24.792407019092817
25.417395024407657;24.38669208953913;25.387646863835585;24.808266022217627
25.411683410407697;24.414146246389908;25.398040362160916;24.77612998104148
25.449401035050638;24.39191097481239;25.373055411189533;24.785632578947435
25.311352029388047;24.30264854987154;25.34302377673085;25.04297564400956
25.42987213544197;24.388062401388186;25.38397890921516;24.79808655395469
25.42959295734102;24.391639507980567;25.393341886690525;24.78542564798789
25.4172083521265;24.389869502761176;25.41891395065893;24.774008194453394
25.421887945079042;24.393046656497493;25.39519849352874;24.789866904894733
25.39978728161365;24.411210969414938;25.389966295210492;24.799035453760915
25.412601990130774;24.408742243864307;25.371561650082242;24.807094115922677
25.404540060284038;24.39664890584287;25.387268293679462;24.81154274019363
25.400760447888736;24.454335453447833;25.397085011017122;24.747819087646306
25.442408036692477;24.40049765101294;25.38911481254526;24.76797949974932
25.414019354004086;24.383457810931315;25.390150265930796;24.812372569133807
25.421377155447516;24.39778817461507;25.39473757235699;24.786097097580424
25.361261732404834;24.828566972190874;25.11996183241126;24.69020946299304
25.427297333694987;24.39639687486367;25.390689460915876;24.785616330525464
25.418471576020107;24.392231928316285;25.38767516610698;24.801621329556625
25.406228716946494;24.39093452962601;25.38161440289005;24.821222350537443
25.451601496342896;24.382572444212837;25.371759319573428;24.79406673987084
25.42746073245149;24.409622191507587;25.389344982690638;24.773572093350282
25.43586762354872;24.42293647012074;25.371294642282237;24.769901264048304
25.432392416759125;24.414169038439418;25.36300182938821;24.790436715413243
25.411464989538935;24.39872494643558;25.384604084956003;24.80520597906948
25.383362196563564;24.37822641796827;25.41713714283822;24.821274242629944
25.42955582873356;24.374483516360524;25.40008245084195;24.795878204063968
25.394003604473163;24.369217195900855;25.423223967484333;24.813555232141645
25.41706775268419;24.369492780451687;25.419289152165863;24.79415031469826
25.41352433976315;24.363162302848195;25.39402504452339;24.829288312865263
25.402733695598766;24.471194001984927;25.395462183222463;24.730610119193845
25.40798281529521;24.36403936337236;25.44851600633481;24.77946181499762
25.371684351955892;24.40478263499506;25.45618514655664;24.76734786649241
25.350944804283138;24.28581389607624;25.34547969523537;25.01776160440525
25.18524099288121;24.653127589825893;25.34117807839956;24.820453338893337
25.57004928274371;24.18921642269571;25.459025703973765;24.781708590586813
25.32060344970975;24.679812378370286;25.200844962658635;24.79873920926132
25.302565730937282;24.266118922637773;25.306369508915726;25.124945837509223
25.372814590878118;24.30945042281561;25.511875587500395;24.805859398805886
25.761241451177437;24.12070554885536;25.325283381854085;24.79276961811312
25.387282724697833;24.411828786877255;25.442859411293327;24.758029077131578
25.409748318555327;24.62070594836433;25.284055253268754;24.68549047981159
25.474490301143177;24.305272847968723;25.55040874932609;24.669828101562015
25.164954236733767;24.1765992475419;26.120236152706237;24.53821036301809
25.073131385552966;24.15056461731493;26.190894425524284;24.585409571607816
25.391088054585566;24.399554764382756;25.478286726915456;24.731070454116217
25.38279976527352;24.40216469974571;25.446697528851796;24.76833800612897
25.427349758015254;24.344761695929332;25.409181324102935;24.81870722195248
25.41277552939441;24.417750653772522;25.383121452650276;24.786352364182793
25.404390685975326;24.365347981283175;25.413638129057315;24.81662320368418
25.401319370521673;24.387919455606397;25.401505145024867;24.809256028847066
25.400280066386106;24.400783889514553;25.39027769545374;24.808658348645604
25.247008643930773;24.861269117792304;25.275175494108737;24.616546744168183
25.391949969640816;24.359935365585933;25.429330337629768;24.818784327143486
