24.744669524147533;23.832072947664418;25.344604002293263;26.078653525894786
24.790941803390805;23.757840878756163;25.376377842041205;26.074839475811828
24.758635960766785;23.776757878786416;25.384929334514144;26.07967682593266
24.760186268205047;23.73739295976825;25.403620962346324;26.098799809680383
24.738275852751233;23.714927537537267;25.410064581212904;26.1367320284986
24.7258187635884;23.725229851003363;25.421500105571216;26.12745127983702
24.739437193016286;23.714978674629798;25.42091417718182;26.1246699551721
24.72461017945918;23.700935656855044;25.439221887519064;26.135232276166708
24.73013985744003;23.687253754255828;25.454575124051253;26.128031264252886
24.739187234134043;23.683142262870525;25.45078196855277;26.12688853444266
24.73066515849254;23.680540738473667;25.45802212445707;26.130771978576732
24.7301096232924;23.67743789399654;25.452962190321767;26.13949029238929
24.73719703594055;23.679852249729745;25.448405237821365;26.134545476508336
24.732326384384027;23.688686062096885;25.446490526006365;26.132497027512724
24.728739340297835;23.686330614762525;25.452519654973223;26.132410389966417
24.724600958008956;23.68619032815994;25.45873125506228;26.130477458768826
24.720696013344;23.69409919535651;25.45495256596906;26.13025222533043
24.720782056506952;23.691426308659455;25.45416423175211;26.133627403081483
24.72608464755071;23.6900566609383;25.451653316593042;26.132205374917948
24.72398178533009;23.690444438247336;25.448701537190683;26.136872239231895
24.72833505639055;23.6894551074624;25.44636448265567;26.135845353491383
24.73180054802012;23.686242898843474;25.443640282461246;26.138316270675162
24.72914915584291;23.692245228393773;25.442661160417877;26.135944455345435
24.727893573641232;23.697227613621568;25.44236228773194;26.13251652500526
24.725700318510142;23.699595498257732;25.440749745673617;26.133954437558504
24.728475404546135;23.69838430038623;25.440439271342026;26.13270102372561
24.72708775403369;23.697633545206504;25.444965885593728;26.130312815166075
24.730556181285902;23.69545190323065;25.443991958820973;26.129999956662473
24.727721767794403;23.699413075079754;25.442026836705317;26.13083832042053
24.726279646322762;23.69785650170711;25.44124267857155;26.13462117339857
24.738795711978945;23.730450562721366;25.428071891219815;26.10268183407987
24.750029163509524;23.76538921203723;25.41252299277406;26.07205863167918
24.76182746967214;23.795632822645217;25.398873479498462;26.043666228184183
24.776188349910694;23.823560729845234;25.385829253542724;26.01442166670135
24.790046833789457;23.84993353390015;25.37420320869423;25.985816423616164
24.800075286527605;23.874444208296598;25.36434580076029;25.96113470441551
24.80891092773296;23.897560510924045;25.35380758219049;25.939720979152508
24.81825688939314;23.920511140977517;25.34477639935059;25.91645557027875
24.82575963083907;23.94197180157958;25.338650951413182;25.893617616168164
24.836638464584446;23.962666240347165;25.32938772172118;25.871307573347206
24.843129827782157;23.979478850438856;25.321560072343225;25.855831249435756
24.849164222994617;24.001637596542587;25.312929897880785;25.836268282582008
24.85892478661362;24.021312484105497;25.303681777527558;25.816080951753325
24.864971987869495;24.03757227210058;25.296096469687274;25.801359270342655
24.872042743098643;24.05267707010265;25.288566021807164;25.786714164991547
24.877438089389564;24.067887354218424;25.28144876368725;25.773225792704757
24.881936637468936;24.084476287148128;25.274039507793205;25.75954756758973
24.88746530391528;24.097335994972557;25.26820979754172;25.74698890357044
24.895093706172535;24.11076781205573;25.26211525117064;25.732023230601094
24.90224152722008;24.124221170528504;25.256604928207558;25.71693237404386
24.906543473079473;24.139326279879324;25.251041715284185;25.703088531757018
24.913580025740647;24.150766693967356;25.24555309068343;25.690100189608568
24.91729518913261;24.164651488333753;25.240543998340332;25.67750932419331
24.921460891971556;24.17616525132072;25.234876041383046;25.667497815324676
24.92459466790942;24.1866522401207;25.230930427696773;25.657822664273105
24.927906605804694;24.19678719902943;25.22869111528976;25.646615079876124
24.93072733229691;24.20794771606753;25.223550309640984;25.63777464199457
24.933877838742198;24.21673253096209;25.219272764734065;25.630116865561646
24.937386207908347;24.225587045394782;25.216215728422803;25.62081101827407
24.940357166976217;24.23497220833473;25.211579415880053;25.613091208808996
24.94473301836701;24.251187700437075;25.204909434421346;25.599169846774565
24.947836626761642;24.265745214338946;25.199360428439917;25.587057730459495
24.948148487094926;24.280228333612826;25.19424010399409;25.577383075298147
24.947956439138924;24.294435221246875;25.191134363280653;25.566473976333548
24.94884417019444;24.307658148923185;25.186118517034224;25.557379163848154
24.949708969620126;24.321702649037196;25.18161912338302;25.546969257959656
24.950089709061736;24.334621400518287;25.179170476360056;25.536118414059917
24.95103483875846;24.347109165532608;25.174141221698935;25.527714774009997
24.952056458364435;24.35838055598133;25.17169241704283;25.5178705686114
24.9527888668244;24.372447686428693;25.166856124564006;25.5079073221829
24.95518369672977;24.384343047843913;25.162476556974973;25.49799669845135
24.95757693310619;24.396101660815784;25.157913859816063;25.488407546261964
24.96023277615809;24.406147786908132;25.15387035410508;25.4797490828287
24.962832371545606;24.416035906038793;25.149856003875737;25.471275718539864
24.96290035553051;24.4265569311166;25.145369564320664;25.46517314903222
24.963576344461575;24.435858808155764;25.14353462374134;25.457030223641326
24.96391338500679;24.445313419145425;25.14189113757132;25.44888205827646
24.964326351159066;24.456222622066864;25.13807695537409;25.44137407139998
24.96507141560317;24.464614456516905;25.135207131980025;25.435106995899897
24.965626219894098;24.475588982483096;25.131587494118246;25.427197303504563
24.966917585468668;24.484114724702746;25.128554598934876;25.42041309089371
24.96783003063715;24.492952720135403;25.12526354754715;25.4139537016803
24.968688164013315;24.501140534604808;25.12251029027531;25.407661011106562
24.969474836628454;24.508402313538383;25.12013748528904;25.40198536454412
24.97017384680943;24.51684621779813;25.117559568088772;25.39542036730367
24.970581535533253;24.524658141167738;25.114756895105305;25.3900034281937
24.971196597995593;24.532109322444796;25.112876073025042;25.383818006534568
24.97182582827464;24.539328271085306;25.11048880056529;25.378357100074766
24.972189495767623;24.547147671460685;25.108147101724732;25.372515731046963
24.972920603694533;24.5539715093835;25.105822150956065;25.3672857359659
24.973911117013575;24.56106319142792;25.10330232871424;25.361723362844263
24.974623521868377;24.567699623517232;25.101059013655124;25.356617840959267
24.97460184650579;24.576183777814347;25.098002415997684;25.351211959682185
24.9750113854409;24.58221708043724;25.096162799667248;25.346608734454612
24.975489253063085;24.589704687424067;25.09355299827086;25.341253061241986
24.975670687308156;24.598378246763094;25.09035594384011;25.335595122088638
24.97349446283661;24.625582476049175;25.077656278918482;25.32326678219574
24.971206688812696;24.650450164051303;25.066237078404335;25.312106068731666
24.96884219953415;24.67489082835439;25.055118032438163;25.3011489396733
24.96624041137845;24.699666183973832;25.04399705653877;25.290096348108946
24.96395292905489;24.726310887849273;25.031821296397126;25.277914886698703
24.961789090624777;24.749853099236798;25.020920147345088;25.26743766279334
24.959329734337015;24.774011081152462;25.009676809401228;25.2569823751093
24.957333785762934;24.797067763731473;24.99908886230165;25.246509588203942
24.955158358195785;24.821781189148993;24.987783004589645;25.235277448065574
24.95331017284253;24.843213711958853;24.97785106346136;25.225625051737254
24.950388838727868;24.86750339256049;24.967323501956447;25.214784266755196
24.948391393520772;24.889082273085087;24.957522116933585;25.20500421646056
24.94660586284701;24.90900713633792;24.94830280217694;25.19608419863813
24.944419615690034;24.93132057136762;24.93807517184181;25.186184641100535
24.94260860787892;24.951373707414422;24.928901705073766;25.177115979632887
24.940895474679817;24.971034926764858;24.919804975667866;25.16826462288746
24.939262596202028;24.99037087672356;24.910860663851413;25.159505863223004
24.937855475692594;25.00934027270752;24.90199472222061;25.150809529379277
24.93623135607347;25.027483187182074;24.893510948571453;25.142774508172998
24.934775433631515;25.045752583259883;24.884930073718447;25.13454190939016
24.933290095489976;25.062092638897415;24.877413545869878;25.12720371974273
24.931414634439307;25.081604046549298;24.868554251087502;25.118427067923893
24.93003404584067;25.096822225351655;24.861650087162197;25.111493641645477
24.928472994599396;25.11423735371442;24.853615858161028;25.103673793525154
24.926780963732114;25.121649516372685;24.855322988002953;25.09624653189225
24.925359676892874;25.128715075236276;24.85679972746003;25.08912552041082
24.923974154526473;25.13591413080107;24.858331083579582;25.081780631092876
24.92260375304707;25.143080805106287;24.85988563395909;25.07442980788755
24.920617531090905;25.149157903676784;24.861824218242784;25.068400346989534
24.919451196291696;25.154305341154775;24.864049690938277;25.062193771615256
24.918093638276435;25.161656692159045;24.86558331934405;25.054666350220472
24.917194088549582;25.168035691207823;24.866550661239568;25.04821955900302
24.915486295184085;25.174447371756475;24.868333705575843;25.041732627483597
24.914051404874535;25.180732709809632;24.870254880564723;25.034961004751104
24.91296136254453;25.18673305745184;24.871504859331196;25.02880072067244
24.911535085688104;25.193111555525938;24.87293659168321;25.022416767102744
24.91036033175829;25.199153434140975;24.874317530787472;25.01616870331326
24.90916208002543;25.204925507254938;24.875655811014465;25.010256601705166
24.907865071953132;25.210680024878606;24.877048482652185;25.004406420516073
24.906851229444317;25.215970511866814;24.87835340219361;24.998824856495254
24.90541684300566;25.22270263470264;24.879344029916997;24.992536492374704
24.904312331972882;25.228215627781292;24.88056357617306;24.986908464072766
24.90300830689151;25.233870337299336;24.88160342776764;24.981517928041512
24.90205396861155;25.238880122810464;24.882860780587713;24.976205127990276
24.90109323628678;25.244040258224853;24.884044324850503;24.970822180637867
24.89957336148308;25.2495812062793;24.88491943171807;24.965926000519556
24.898565351614106;25.25445639944992;24.88615624766513;24.96082200127084
24.897639555287114;25.259392541726577;24.887249889147334;24.955718013838975
24.896687179014215;25.264339761420445;24.88838471449544;24.9505883450699
24.895574554882188;25.26993007282251;24.889501006373866;24.94499436592144
24.89458155419755;25.274044625564606;24.891398874443425;24.93997494579442
24.89375505742136;25.278350095072692;24.892468124781736;24.93542672272421
24.892688807337493;25.283093776364673;24.893830233127794;24.930387183170037
24.89172227046636;25.28781173790503;24.89484196691659;24.925624024712015
24.890791452621354;25.288233253247665;24.895989302088136;24.924985992042842
24.890273604567483;25.28877396027213;24.896496164650323;24.924456270510063
24.889167741124275;25.290238140672916;24.896517222031928;24.92407689617088
24.889030116681134;25.291334250712605;24.896382268482565;24.9232533641237
24.888879632781347;25.292205350166792;24.896616315855823;24.922298701196034
24.888215963652375;25.294036466706476;24.89711927447298;24.92062829516817
24.88737957829773;25.295174564523148;24.89793436431769;24.919511492861435
24.886561227307016;25.29570290089701;24.89888783212035;24.918848039675616
24.88564748865243;25.29627110619857;24.899852186810502;24.918229218338496
24.88454507929561;25.297023295761083;24.900710374195853;24.91772125074745
24.883726926053736;25.297345319083504;24.901738817010713;24.917188937852046
24.882799294943286;25.29718299271147;24.902371566952258;24.917646145392986
24.881464326894275;25.296904045365636;24.903497557123075;24.91813407061702
24.880302324241274;25.297273403822697;24.904208456155395;24.918215815780634
24.879561713671016;25.29752533988611;24.905062760179025;24.917850186263845
24.878854789886464;25.297827277083375;24.906059139692697;24.91725879333746
24.877988730823397;25.298134368868265;24.907405173343818;24.916471726964524
24.87725855746389;25.29852951428362;24.90829907245842;24.91591285579407
24.876577563242147;25.298872388721737;24.9091160809217;24.915433967114414
24.875947002839403;25.299235985549767;24.90992798300806;24.914889028602765
24.875386239662312;25.299831692828672;24.91061158624688;24.914170481262136
24.87474918107577;25.300115611613123;24.91142777668792;24.913707430623187
24.87422572885622;25.30039816764039;24.91223562409366;24.913140479409726
24.87328539751107;25.301196666197917;24.91277933481353;24.912738601477482
24.872732676919792;25.3015005086066;24.913444869041083;24.912321945432527
24.871998809357006;25.30181262847132;24.914353462544828;24.91183509962684
24.871374363300376;25.30218693743928;24.915046139188885;24.91139256007146
24.870488774843636;25.3030317167748;24.91569316420643;24.910786344175133
24.86991120140159;25.303233283145477;24.91648091840154;24.910374597051398
24.869365188312095;25.303406067603714;24.91725414793187;24.909974596152317
24.86874010044363;25.302167429737842;24.918038972552015;24.911053497266515
24.86818646158299;25.30076133316464;24.918576751018563;24.912475454233814
24.867760838616743;25.299349796112658;24.91966343392759;24.91322593134301
24.86718563273879;25.298267305881627;24.92029579320507;24.914251268174514
24.866788393047834;25.297116715782053;24.920715117619515;24.9153797735506
24.866200540274054;25.29597014642386;24.921439110806435;24.916390202495652
24.8661898458726;25.29447439771139;24.92252239836531;24.916813358050696
24.866038784994572;25.293056467429814;24.922985328990137;24.917919418585477
24.865304200475048;25.291844427437084;24.923483431287472;24.919367940800402
24.864769901273686;25.290857921945776;24.924138750610613;24.920233426169926
24.864238804764152;25.289918831848478;24.924748154129595;24.921094209257774
24.86340715336811;25.288887915502894;24.9251006631548;24.922604267974194
24.862860264787997;25.28804857477195;24.925659685215912;24.923431475224145
24.859452737557618;25.291823812322615;24.9234843184198;24.92523913169996
24.857271886536108;25.295599848831973;24.923165244489812;24.923963020142107
24.857547398491313;25.297934832073516;24.925223891620803;24.91929387781437
24.857934048998114;25.30031476703624;24.927587916508262;24.914163267457383
24.858280358570557;25.302437385714416;24.92984177322161;24.909440482493416
24.85867525401612;25.304495283016305;24.931841460780678;24.904988002186894
24.859040971459848;25.30661589321788;24.934082576122716;24.900260559199552
24.859288374909152;25.30902505339815;24.936087514236274;24.895599057456426
24.85976776575047;25.31103670369706;24.938036111291233;24.89115941926124
24.86001806805269;25.313403890838003;24.940232678773043;24.886345362336268
24.860576717181782;25.315200458947295;24.942211845385412;24.882010978485514
24.86101598543711;25.317268863561065;24.944354876879377;24.87736027412245
24.86138839655011;25.319293687851285;24.946481856420586;24.872836059178017
24.86177227577041;25.321197208542685;24.94836918063916;24.868661335047747
24.862453584394927;25.323186827588195;24.95018041481463;24.864179173202245
24.862582306751538;25.324871522874233;24.951944663828517;24.860601506545716
24.86302368038864;25.32625361549715;24.95369151710794;24.857031187006267
24.86393670321025;25.327034464815394;24.95512354958539;24.853905282388965
24.86512670713567;25.32756769123316;24.956547070516724;24.850758531114447
24.865982361571252;25.328321397650626;24.95801582593651;24.847680414841612
24.866739318418517;25.32891149320901;24.959228963766144;24.84512022460633
24.86757387920455;25.329705287680838;24.960586396140457;24.842134436974156
24.868459936866756;25.33053440568871;24.96197000649473;24.839035650949803
24.866466310110226;25.33355657219908;24.962667757705486;24.837309359985213
24.85874205886;25.34022841413518;24.96200872202012;24.839020804984703
24.85126007300893;25.346111869680037;24.96143101947984;24.841197037831197
24.843401009407426;25.352005922378908;24.961535502352376;24.84305756586129
24.83632335256693;25.357228705119393;24.961498547704142;24.84494939460954
24.82896771434312;25.36413324295641;24.95881446500137;24.8480845776991
24.824454941443943;25.37189712709957;24.950594397719605;24.853053533736883
24.819893213521578;25.379370623228176;24.94239890606214;24.858337257188108
24.811283570711577;25.388120425150838;24.938578774478266;24.86201722965932
24.802932914537955;25.397159753431165;24.93505755271613;24.86484977931475
24.79440453549681;25.40794838132182;24.929245940619424;24.86840114256195
24.784992789932218;25.41890312051363;24.92222796853097;24.87387612102318
24.7739570258991;25.431297471072767;24.91459033004948;24.88015517297865
24.76351942647555;25.443145004628303;24.90727274450733;24.886062824388812
24.754839105067052;25.45164614415641;24.90203056899749;24.89148418177905
24.746205358103744;25.459456541781023;24.897077015525852;24.897261084589385
24.737685330208134;25.468091817939776;24.892251369777878;24.901971482074213
24.72929063172338;25.476277711054042;24.88753872113756;24.906892936085022
24.720281676071103;25.484934525768544;24.882338542492295;24.912445255668064
24.71139618683829;25.49348181876898;24.877032511606792;24.918089482785934
24.703020939955067;25.50171222708306;24.872364441262878;24.922902391698994
24.694516611569945;25.51018190597299;24.86744966718791;24.927851815269157
24.686224609224944;25.51840261999589;24.862462726506113;24.932910044273058
24.67886609950141;25.52594475206521;24.85786694381352;24.937322204619857
24.673693551177806;25.53135776388681;24.852158770286604;24.942789914648785
24.66756387185108;25.53568493875745;24.84222920651557;24.954521982875903
24.6617223341807;25.539976671183958;24.833506905405358;24.96479408922999
24.655804542473668;25.544217965885075;24.824856543560582;24.975120948080672
24.649970371141368;25.5483696011116;24.816361295268553;24.98529873247848
24.644125456283327;25.55248781177483;24.80762623342922;24.995760498512617
24.63833537823024;25.55671404293364;24.79910680789852;25.005843770937602
24.6329843639973;25.56049807746631;24.791282188971383;25.01523536956501
24.62767107825981;25.564576948587032;24.782170747086514;25.025581226066645
24.62231912464873;25.568585094382623;24.773820403668715;25.035275377299932
24.6166577967535;25.57274832718767;24.765510128268104;25.045083747790724
24.611817258777428;25.575906717930426;24.75832249741986;25.053953525872284
24.60594634938765;25.578495511965986;24.75233836034488;25.063219778301487
24.60073422460851;25.581538260642706;24.745055633842924;25.07267188090586
24.59523312215653;25.58436732021732;24.737655208522746;25.082744349103404
24.5898127980218;25.587224851182626;24.7303058003388;25.09265655045677
24.584050150609052;25.590024549070954;24.723154907953905;25.102770392366093
24.57867849496825;25.592704226563466;24.71652664566661;25.11209063280167
24.57317984484263;25.59549770068385;24.70946812889931;25.121854325574215
24.56751453816448;25.59815290365392;24.702310286253493;25.132022271928108
24.561987959613145;25.600953498780036;24.69530654711779;25.141751994489027
24.55702203400686;25.603444546793718;24.688959126870888;25.150574292328532
24.551095586796958;25.606314685106778;24.681911459699506;25.160678268396758
24.545451441562165;25.609235269411545;24.675092532403436;25.170220756622857
24.540330700884798;25.611833073396273;24.668458164016656;25.17937806170228
24.535588005854084;25.614285781598696;24.662108671168102;25.188017541379114
24.529999229636143;25.61688777388697;24.655006803053052;25.198106193423836
24.525413306076967;25.619078291541893;24.64904682953639;25.206461572844752
24.52034753386793;25.62154720429743;24.641813292440272;25.216291969394366
24.515757356969154;25.62400285872583;24.635227099115824;25.225012685189192
24.514587017528015;25.62249203136519;24.635688774742174;25.227232176364613
24.513433674462803;25.621464905068457;24.636085250288424;25.229016170180312
24.512217798261897;25.620149795204277;24.636630135680065;25.231002270853757
24.51100628062658;25.61909036407429;24.636971022925774;25.23293233237336
24.509804159067066;25.617758261725527;24.637412234367133;25.235025344840274
24.508642709742958;25.61654008748081;24.637894645164533;25.236922557611702
24.50771208235054;25.615140122838113;24.638470476915774;25.23867731789557
24.506567510236646;25.613891175415816;24.6386993958853;25.24084191846224
24.50553193220587;25.612697170655217;24.639192309306175;25.242578587832735
24.50453711422448;25.611473758514357;24.639629519554337;25.244359607706823
24.503733562691377;25.610322419136512;24.639910579903855;25.246033438268256
24.502781196012933;25.60909059665794;24.64021118366199;25.24791702366714
24.501772876822574;25.607749329707623;24.640681409258022;25.24979638421178
24.5006688588326;25.60661732151907;24.641138593773857;25.251575225874472
