24.744669524147533;23.832072947664418;25.344604002293263;26.078653525894786
25.10746758573083;24.99327106971882;25.409150919076;24.490110425474345
24.959084422535476;25.747377873641636;24.699400584061227;24.594137119761662
25.03262731577216;25.532133087260807;24.766294102081673;24.66894549488536
24.915424698385277;25.5431240915969;24.738105151818797;24.80334605819902
24.929557738558685;25.70212599338272;24.784042324090123;24.58427394396847
25.095320931485055;25.575986108201555;24.719978487928202;24.60871447238519
24.892581361836065;25.526764304081002;24.87031806192266;24.71033627216028
25.04568463529589;25.482314793893917;24.894063177589356;24.577937393220836
25.08597140319641;25.574721110311376;24.719847573508883;24.61945991298333
24.910151912381988;25.559784303155126;24.840193273219587;24.6898705112433
24.99345207151823;25.566518077897708;24.701901706808577;24.738128143775484
25.08855033499765;25.595802529678917;24.701113235210087;24.61453390011334
24.935577867008373;25.72518877824447;24.726117978367856;24.613115376379298
24.947256421295844;25.57316478292908;24.838423021574492;24.64115577420058
24.92841775276883;25.5848902108328;24.857160583862964;24.629531452535407
24.92722346659468;25.7355500482854;24.696121066702073;24.641105418417844
24.990551692247497;25.56904749201155;24.741264576330472;24.699136239410485
25.085907387413993;25.56875039746558;24.71106536855932;24.63427684656111
24.95006753055228;25.61251363061643;24.69670717013165;24.740711668699646
25.08708075563711;25.578582587876625;24.70026172637162;24.634074930114643
25.07671272697148;25.54015116577087;24.68934905224602;24.693787055011633
24.940886319622628;25.737359664973603;24.72622699580855;24.59552701959522
24.965731888397276;25.726594720214152;24.73971815862635;24.56795523276223
24.940584544536932;25.67393886396213;24.70466106642854;24.680815525072397
25.06498748981729;25.59052426393576;24.73604969160945;24.608438554637495
24.959293200102852;25.598350526354785;24.864619399215684;24.57773687432667
25.09449347141095;25.568422883754128;24.719611320517163;24.61747232431776
24.91584517517909;25.73713238093434;24.689538059374698;24.65748438451187
24.952207145424747;25.582197838744047;24.719142406608388;24.746452609222818
24.93823236512674;25.55572305820899;24.781576127356804;24.72446844930747
24.92339079933964;25.577379459733358;24.679034025856556;24.820195715070444
24.950505150674807;25.574051072263547;24.727769410720565;24.747674366341077
25.078366039115362;25.600033791032367;24.70012327746101;24.62147689239126
25.09180746291425;25.57222001049228;24.725805431429965;24.610167095163504
24.977575051299386;25.47811473270944;24.767818382379104;24.77649183361207
24.951519695449782;25.58116743256356;24.72026007205343;24.747052799933222
24.99112214244546;25.627927958670245;24.753904288633304;24.627045610250992
24.936276999994796;25.552346575767338;24.85461040646609;24.65676601777178
25.089693827086485;25.556970941298125;24.712709997452308;24.640625234163082
24.953748336707175;25.57086182197445;24.722674944707585;24.752714896610787
24.91987977583124;25.73826062919603;24.707058973185326;24.634800621787402
25.061215956414856;25.545579367205303;24.69366232174646;24.69954235463338
24.94790833652591;25.585468638996034;24.7180801404485;24.74854288402956
25.006141980352332;25.56175497222491;24.706398516883127;24.72570453053963
24.945580704795738;25.579217490707144;24.707051357987968;24.76815044650915
24.91181309592291;25.60158594851405;24.680932553225098;24.80566840233794
24.973369317689926;25.557098817710628;24.73965920254751;24.729872662051935
25.08626700756289;25.580663376898915;24.716913101261675;24.61615651427652
25.077900019144057;25.527359523538856;24.73404757575881;24.660692881558273
24.944251902782668;25.72942757449672;24.72353719564478;24.60278332707583
25.09592505896515;25.578036612572603;24.71430289014595;24.61173543831629
24.93336306576137;25.71190023030202;24.727821498037063;24.62691520589955
24.964714308786665;25.531318060545406;24.68475713576648;24.81921049490145
24.911433450414606;25.5761413265229;24.77233197542085;24.740093247641642
24.933315367132124;25.573659067509492;24.855743067441;24.637282497917383
24.91203409092168;25.576390455989717;24.685189706095805;24.8263857469928
24.93833062577555;25.567987675117042;24.720502107099396;24.77317959200801
24.976210055476127;25.610712405657882;24.77561137431901;24.637466164546986
24.934434205233977;25.586127127986003;24.694103686472978;24.78533498030704
25.149434218066247;25.540577027199756;24.676716554668797;24.633272200065203
25.088864831530096;25.601902768271877;24.722141871641725;24.587090528556306
24.917795298183158;25.61299952782906;24.74290347783292;24.726301696154856
24.888533992273704;25.522140177538038;24.853853582252388;24.735472247935874
24.955151218510256;25.577717129648853;24.73493150136167;24.732200150479226
24.96404731754809;25.737029990264144;24.7266959802992;24.572226711888565
24.924635571437168;25.576337288771846;24.88645188282121;24.612575256969777
24.966964869417723;25.53748110465717;24.694977194011987;24.80057683191312
24.971245491862593;25.54557394578592;24.869974490008737;24.613206072342752
24.95061103408368;25.73455756809066;24.69719429075068;24.61763710707498
25.072839903203324;25.541613206328716;24.71952982781546;24.666017062652493
25.0703671453476;25.61703862665598;24.701172321882655;24.611421906113765
25.09841434182244;25.58277720883647;24.724226020999563;24.59458242834153
25.100799474757302;25.57396417926479;24.716133324206133;24.609103021771777
24.914186956712722;25.550194585851248;24.67820339472302;24.85741506271301
24.960229329305623;25.58077095519618;24.86880892054654;24.590190794951656
24.934467242314184;25.591189325830282;24.88277994358949;24.59156348826604
24.94123621916306;25.671270391294122;24.704645522192408;24.682847867350407
24.975298386382104;25.597124757021426;24.745716247408712;24.68186060918776
24.95016391552033;25.715521349720927;24.73284229342659;24.60147244133215
25.014084088600708;25.589145689080517;24.750450746540253;24.646319475778526
24.99018049677582;25.554936636798782;24.715568845586873;24.739314020838528
24.981720414288237;25.612972988877775;24.7629538633555;24.64235273347849
24.98442033138682;25.610028786061285;24.770139345201866;24.635411537350034
24.96842354184924;25.615219296415308;24.770862023397182;24.645495138338273
24.950695801448248;25.571592605215375;24.727573911091667;24.75013768224471
24.96429208269096;25.596360788275817;24.82429480226909;24.61505232676413
24.970572432192363;25.617513052174534;24.759959562328987;24.651954953304116
24.944170401958576;25.574496371257744;24.77373938438515;24.707593842398527
24.984236036667532;25.61955134828027;24.760439130552253;24.635773484499943
25.006244498128122;25.639228764935755;24.744177902164992;24.61034883477113
24.9870048381987;25.61496335210583;24.755168075885596;24.642863733809875
24.91786677558094;25.69610944423398;24.684901770745924;24.701122009439157
24.959389440107003;25.646039835230134;24.772031740984126;24.622538983678734
24.96000132695382;25.632912048533335;24.72954676924757;24.677539855265277
24.919033161241686;25.773952963283158;24.669353371727336;24.63766050374782
24.541605125224617;27.374988669265182;24.052284009533814;24.03112219597639
24.515026782554706;27.371856351805214;24.073290854343202;24.039826011296878
24.504504825199966;27.357584516643467;24.080435424905936;24.05747523325063
24.4790659872889;27.368984646361515;24.051802732676382;24.1001466336732
24.534862508729677;27.33993748414531;24.08411324595364;24.041086761171375
24.529555043901084;27.29522185153378;24.08586197393095;24.089361130634185
24.48613806199473;27.342354781034732;24.019357648317442;24.152149508653093
24.527225098978224;27.39358414741158;24.05929397631469;24.0198967772955
24.996837983233075;25.62333683356418;24.45368585495495;24.926139328247796
25.002774495989975;25.60578837127954;24.437655319095136;24.95378181363535
24.90395092034343;25.75317092624902;24.40560425282455;24.937273900583
24.99559529253632;25.589307364245933;24.457714318028707;24.957383025189042
24.996213844866134;25.620426386377044;24.444723723642095;24.93863604511473
24.96981998720563;25.622619358289956;24.398921524157352;25.00863913034707
24.992956329917114;25.612497065837076;24.45206291382611;24.942483690419703
24.99800093301135;25.635592715706135;24.434689375613967;24.931716975668547
25.004827134663408;25.599853619036807;24.43857812325722;24.956741123042566
25.02440952757443;25.55318623431922;24.423850098624698;24.998554139481655
25.00400050320795;25.56048140227282;24.44909632238856;24.986421772130665
25.015253039094503;25.59959150428413;24.429738030944424;24.95541742567694
24.99505354719728;25.590362833387225;24.455594881085798;24.958988738329694
24.97541176984025;25.619069967192505;24.42650127352801;24.979016989439238
24.99499680209912;25.58795584220875;24.480995951084367;24.936051404607767
24.99731345091626;25.581743710381545;24.45941747800449;24.96152536069771
24.968050985071475;25.54990505586216;24.47561942889052;25.006424530175845
25.004519781320894;25.590371963532597;24.448050433609605;24.957057821536903
25.005711260610724;25.609525351845246;24.45337333488072;24.93139005266331
25.00485696528811;25.605554435500665;24.45597823279776;24.93361036641346
24.919167460436245;25.448489939469788;24.514683550721443;25.117659049372527
25.007311408455884;25.476552686391745;24.56483917268727;24.951296732465096
25.006988608568033;25.594981933833814;24.452467040128102;24.94556241747005
25.039146692865316;25.547315083267925;24.408563683900468;25.00497453996629
24.943762520724693;25.623057246830477;24.504325473364172;24.928854759080657
24.985815891391535;25.570127482379192;24.51129298521745;24.932763641011825
25.008574624258735;25.59542085101868;24.45327737473029;24.942727149992297
24.968793455263206;25.57369927119163;24.471609655641892;24.98589761790327
25.00414913066621;25.602714953070194;24.46449765764217;24.92863825862143
24.995160650970387;25.58208375345735;24.466343997716855;24.956411597855407
24.971031409318396;25.544843236719423;24.485931464139153;24.99819388982303
25.01034143942417;25.581682089391023;24.46765465184168;24.94032181934313
24.962752831461152;25.72160954145885;24.427636787126556;24.888000839953442
24.995268142593964;25.60949930250189;24.45763982853329;24.937592726370855
24.96598891836081;25.562378382941127;24.440872113227545;25.030760585470517
25.00881518723458;25.58568103986529;24.47034055003328;24.935163222866855
25.005532144491415;25.59371521066543;24.458566969682483;24.942185675160673
24.93137720177633;25.623964845432873;24.385027579047854;25.05963037374294
25.00003387175881;25.57568441275854;24.475123225458557;24.94915849002409
25.006627131355746;25.60929314142487;24.45797267049903;24.926107056720355
25.001868899927782;25.601940089583746;24.465820392201508;24.93037061828696
24.98039691009258;25.622965206038973;24.46601047664964;24.93062740721881
24.991999516951967;25.50825710231561;24.577215563539266;24.922527817193156
25.00712414492627;25.581146832153735;24.465724398574043;24.946004624345957
24.979437113328327;25.5894694179213;24.503212578526387;24.927880890223985
24.989993502630476;25.63815408909347;24.455399807546268;24.916452600729787
24.98984876315515;25.591311728335793;24.483596194796213;24.935243313712846
25.037140759782307;25.61482242347323;24.38884123518403;24.959195581560436
24.94877864089484;25.74823501642382;24.3255457319688;24.977440610712538
25.10194438393068;25.666604277828746;24.31127325390518;24.92017808433539
25.094613951084852;25.657342226911435;24.36406175614204;24.883982065861673
25.01801640980886;25.742848503132993;24.46814618711525;24.770988899942896
25.005430361268417;25.68546651941192;24.43507643450858;24.87402668481108
24.992741463222593;25.62836432300875;24.465627576956308;24.913266636812345
24.98215368724698;25.623024036885212;24.465366601148077;24.929455674719733
24.94951213532896;25.654995443050403;24.4491512276487;24.94634119397194
24.98917002262262;25.58001398936085;24.480186688669132;24.9506292993474
24.947963175532774;25.42663026810615;24.454001677605085;25.171404878755993
24.935673941391524;25.45195903598646;24.483649863889788;25.12871715873223
24.92293524777526;25.540879895256847;24.450078839122895;25.086106017845
24.99587171784545;25.564774534508523;24.466940886744794;24.972412860901237
25.004290635082384;25.594134905382948;24.476452962101398;24.925121497433274
24.96239686908866;25.57526416882331;24.559487971004256;24.902850991083778
25.001387789114755;25.609717969348683;24.459511970398935;24.929382271137623
24.991954761523825;25.60532447184786;24.471046070516014;24.9316746961123
25.003400481389885;25.614165205300367;24.462245611813568;24.920188701496176
25.01978513377504;25.637927134319256;24.441442888662316;24.900844843243387
25.00034647921679;25.6017997516437;24.467045668732606;24.930808100406907
25.02651130720675;25.58670604776688;24.460003963273664;24.926778681752705
24.956892081438347;25.653351468525525;24.424669528626684;24.965086921409444
24.99786692239563;25.600656627381984;24.46561899508611;24.935857455136272
24.998040926819712;25.600129417561607;24.464490314460928;24.937339341157752
24.99392261413476;25.589724778120825;24.466063440630126;24.95028916711428
24.962295889324523;25.67387703151283;24.44131398346008;24.922513095702563
25.005314667295046;25.58502874328038;24.468592604898987;24.941063984525588
25.00969533129866;25.581041462354808;24.465760624073617;24.943502582272917
24.990626712427538;25.605280903351446;24.47406586434072;24.930026519880297
25.003511374808916;25.63671793501161;24.434259563553155;24.92551112662631
25.019905786690032;25.51692028937157;24.484970204336424;24.978203719601975
24.999926727115167;25.627631107172828;24.44956594771312;24.922876217998883
25.020455767581783;25.667700960658074;24.422006481898645;24.889836789861498
25.004222465029308;25.577025496743417;24.46639880716547;24.95235323106181
25.074573926373283;25.500239859644736;24.55969107708532;24.865495136896666
24.965963193013703;25.53632283008409;24.52546439402675;24.97224958287546
24.970324092151504;25.666699206039308;24.42541975790707;24.937556943902123
25.000145223331273;25.60509436612066;24.464459067010143;24.93030134353792
24.998089352218106;25.613627772763042;24.460457164653775;24.927825710365077
24.944444198475804;25.69237428722545;24.414275823102834;24.948905691195908
24.983725092497743;25.61180423605938;24.462629943072294;24.941840728370583
24.4816366038728;25.807826988356148;24.613230755318277;25.09730565245278
24.665376491166484;25.544907488666833;25.16946793122023;24.620248088946454
25.19428060871239;25.17273377595316;25.53652639610138;24.096459219233072
25.220388060982373;25.064404010609774;25.589926434012312;24.12528149439554
25.217823890789447;25.02590586737749;25.58502295454016;24.171247287292903
25.22431009937161;25.11758737796247;24.943064339422808;24.715038183243117
25.216058693730925;25.044577051464113;25.016248856448403;24.72311539835656
25.192011060106488;25.07767165224654;24.975330304489717;24.75498698315725
25.244558490746734;25.064354122319223;24.962088677650513;24.72899870928354
25.189950405966833;25.162703031051336;24.9798979157092;24.667448647272632
25.269417410745586;24.991277586094792;24.990597641527273;24.748707361632345
25.237797410672492;25.013490219888595;24.994496626054282;24.754215743384627
25.225414124614847;25.042422134088493;25.00271033058885;24.729453410707812
25.225482824329198;25.12334552196529;24.967193696245555;24.68397795745996
25.148996799283168;24.922645979730138;25.08344870175212;24.844908519234572
25.167835194462658;24.98214259564491;24.937641455862515;24.91238075402992
25.24094291136205;25.006202490787537;24.943513771189078;24.809340826661334
25.220820403242083;25.033903593349265;25.006443635353133;24.73883236805552
25.28874682969659;24.961737172416033;25.008988761203284;24.74052723668409
25.19943725291395;25.045900041655862;25.008056086078295;24.746606619351898
25.182963892510855;25.09019519416476;24.9653189674611;24.761521945863276
25.212181284819156;25.040241096195743;25.010142064894865;24.73743555409024
25.216821131578016;25.014122887622246;24.98036527642525;24.788690704374492
24.63358147931221;25.438676535916088;24.710932570503733;25.21680941426797
23.790402055989198;25.293402037448782;24.400210504998068;26.515985401563956
23.772803391952017;25.19900525391566;24.415725293412933;26.612466060719385
24.54930285450814;24.886382697492383;24.7967502882401;25.76756415975937
24.51710114792306;24.953993578104253;24.780511667424758;25.748393606547932
25.114164947512265;24.901071202190607;24.60452370309575;25.380240147201377
25.45450414754638;25.0154878126936;23.313540807292277;26.216467232467743
25.4318906267339;25.0113599612862;23.344576216601798;26.212173195378096
24.69362921782458;25.40535137244499;24.227849512594123;25.67316989713631
24.579314674339525;25.595982212921793;25.350562385561076;24.47414072717761
24.291972073031246;26.022885209682954;24.811351471772696;24.873791245513104
23.568792493334307;26.324789633028296;24.555955356597885;25.550462517039513
23.45783628173397;26.261692994789883;24.51624339782526;25.764227325650886
24.520578810928246;25.296437812927664;24.644813020162562;25.538170355981528
24.74502136148426;24.52134650125429;25.037136448086027;25.696495689175418
24.640642658773192;24.534930464682038;24.995637141778673;25.8287897347661
24.382337470225174;24.763753844598956;24.439647548759506;26.41426113641636
24.50169177482671;25.181912761950993;24.18581989019633;26.130575573025972
24.45848552745156;25.289029197004382;24.188378281875256;26.0641069936688
24.52160241156997;25.088497064550232;24.170238401536214;26.21966212234359
24.596944701748193;25.081851998882566;24.254069075029776;26.067134224339465
24.533963701261168;25.206633460905927;24.15848589265302;26.100916945179886
24.580159986372056;25.262680966542927;24.10619858468134;26.050960462403676
24.67805547617358;25.119120912281108;24.12574872120432;26.077074890340995
24.542287383156218;25.14757163291822;24.02397914725878;26.28616183666679
25.23515820907293;24.10083509439847;23.555218578206528;27.108788118322067
25.21663593994591;24.061553395131977;23.5988943790388;27.122916285883313
25.179393888860535;24.543484096800423;25.064259189054294;25.21286282528475
25.180669402520415;24.565827219589682;25.071266599974845;25.18223677791505
24.799404858864417;25.010580200256104;24.99822689093314;25.19178804994634
24.814427875215223;24.93648894466007;25.044698008774237;25.204385171350474
24.764478764478763;24.872221093273726;25.215565941881728;25.14773420036578
24.78731113258211;24.988663509244056;25.07957771942408;25.144447638749757
24.811554781937197;24.95976042246259;25.004178951738403;25.224505843861806
24.815316315033673;24.96595540989996;25.037215125464268;25.181513149602097
24.819352620111605;24.840316825365555;25.07445343788995;25.265877116632897
24.7564356641647;24.867021414935838;25.602872663403538;24.773670257495922
24.891645221996946;24.921109043433592;25.320550280606156;24.866695453963302
24.789285706384227;24.93456776375515;25.174873136315128;25.101273393545494
24.806502815558385;24.919080988200086;25.184903852204993;25.089512344036542
24.700942940683312;25.025402816083613;25.214850056730487;25.058804186502588
24.724637938275855;24.90783339934798;25.266857935583847;25.100670726792316
24.75852891458897;24.953217077483274;25.22459617373639;25.063657834191368
24.680115715898012;24.944084617783115;25.307774315644732;25.068025350674144
24.73316412433981;24.9068566823154;25.235797216034538;25.12418197731025
24.750119237915065;24.89200736780556;25.230303792264603;25.12756960201477
24.705929689090354;24.886819969332194;25.33285686958544;25.074393471992014
24.661525065124433;24.981819353581898;25.22298297354084;25.13367260775283
24.722056637902654;24.89729495101026;25.30554889552204;25.075099515565046
24.801526649012445;24.904750359858003;25.19587714192128;25.097845849208273
24.717477436352343;24.96634093984918;25.1782722452606;25.137909378537877
24.758520031101277;24.92983718976454;25.216259969622197;25.095382809511985
24.78268994493312;24.845878753026017;25.39441278253099;24.977018519509873
24.711836146507842;24.9142954020557;25.141730939596375;25.23213751184008
24.691414991214966;24.952211710706294;25.256790515598443;25.0995827824803
24.736776962581143;24.925746863354806;25.182695658300375;25.154780515763676
24.744190276956658;24.89888466065531;25.207414014809835;25.149511047578194
24.71859104065088;25.007985176488468;25.16882269581826;25.104601087042393
24.741980292666984;24.939675487748175;25.18993996111175;25.12840425847309
24.730451452350444;24.904547437542092;25.209039351178326;25.155961758929134
24.734993482731188;24.880114552461695;25.29613571066074;25.088756254146382
24.739887315645888;24.984850116912398;25.13865715246681;25.1366054149749
24.769084981015556;24.895673021398835;25.215622882753898;25.119619114831714
24.778881622694072;24.9302883792341;25.19792622119226;25.092903776879567
24.826146579772317;24.92402835868513;25.157977612446025;25.091847449096527
24.776218626268367;24.95533768935234;25.1671092767231;25.101334407656196
24.744389221530252;24.878263068095706;25.24642469929703;25.130923011077012
24.73626517407107;24.918833268166665;25.197287646682053;25.147613911080207
24.787148208433187;24.94299059620124;25.18460235565459;25.085258839710978
24.748031470626135;24.900905001250916;25.197857975859694;25.15320555226326
24.739113560938765;24.89745353096391;25.210057392577912;25.153375515519404
24.73313482733674;24.894584094319743;25.252685301639705;25.119595776703807
24.649921820321858;24.99879426208656;25.19763977263649;25.153644144955102
24.769036660169206;24.93716541022263;25.202886135881776;25.090911793726388
24.638941719824434;24.799680978927036;25.373717846563075;25.187659454685456
24.702786242877757;24.990182842499856;25.205519859203847;25.10151105541854
