27.060389309017445;26.091723770782714;23.028884217423354;23.819002702776487
24.71299876783882;25.950237732539357;24.725142834822936;24.611620664798895
24.578763655363957;25.958900097115322;24.71080992868628;24.75152631883444
24.523329548066034;26.002952358780462;24.897988668152326;24.575729425001178
24.54190055395328;25.983469916132506;24.73427207883692;24.740357451077298
24.594730746698435;25.9281584571154;24.739571959765243;24.73753883642092
24.7330989686617;25.95132200502166;24.70439495488377;24.61118407143287
24.581100863683446;25.991708895828864;24.80530819052485;24.62188204996284
24.660120127357832;25.905830997171236;24.90299906130681;24.53104981416412
24.569705604937674;25.958075651277472;24.860806967070364;24.611411776714487
24.511774246561878;26.024640521470417;24.848175805812478;24.615409426155228
24.622548138788098;26.068160872236586;24.692358076071457;24.61693291290386
24.48480350725295;25.98971505739756;24.75091437183116;24.774567063518326
24.555202916323072;26.099706967955132;24.715107734159382;24.629982381562414
24.519255890792977;25.992607295499887;24.891360599776817;24.596776213930323
24.509907002612962;25.965668504867583;24.878909458790204;24.645515033729247
24.52892125488959;25.975524994910977;24.714326845665894;24.781226904533543
24.61880774482323;26.03389981232643;24.728892281299153;24.618400161551186
24.681816753057927;25.94194010092098;24.720669063838404;24.65557408218269
24.549585125855998;25.915873001124297;24.715571950233688;24.81896992278602
24.534964827775582;25.970939683014272;24.864436955874282;24.629658533335864
24.691476739816736;26.046619484527238;24.69399167408819;24.567912101567842
24.557953790480397;26.105391593364917;24.720554239070815;24.61610037708387
24.560406265182195;26.081460283944104;24.757328940086698;24.600804510787007
24.50224309470353;26.142190776612257;24.762359695569476;24.593206433114737
24.68150057588289;25.94717006383626;24.739907138656672;24.631422221624174
24.553314163322185;25.919058241105624;24.880737660268228;24.646889935303964
24.719242591982788;25.95059682833903;24.721403123980267;24.60875745569792
24.551118169922308;26.04144187444123;24.68104420716703;24.726395748469432
24.581854159943152;26.09042162312859;24.719695695586495;24.60802852134176
24.59846444560709;25.919321941005514;24.746398108647323;24.735815504740078
24.5416507389002;26.154577862330758;24.685519215553796;24.618252183215244
24.57906092058663;26.08998250605724;24.723607119720782;24.607349453635344
24.549959218032882;25.976318797608556;24.701499176510783;24.772222807847783
24.563557619324015;25.960024408030836;24.87386703576372;24.60255093688143
24.61482746976537;25.943271912068166;24.751567656368092;24.690332961798372
24.570392823098803;26.084237811990167;24.726606839282162;24.618762525628863
24.61279771882338;25.98097119504525;24.75855872477307;24.647672361358296
24.699589833341204;25.95876317031418;24.715097993348227;24.626549002996384
24.57582761619335;25.986981743493214;24.701641538226937;24.735549102086495
24.571776120721715;25.940498034614617;24.731143909771035;24.756581934892626
24.550007796756102;25.977560264448062;24.703592700445647;24.76883923835019
24.68349359387664;26.04765967338554;24.696457487198586;24.572389245539235
24.56899341410778;25.94259791986086;24.7236164456119;24.764792220419466
24.625783839909523;26.068286435724943;24.71027290709834;24.595656817267194
24.550482207447676;25.956576478471167;24.726982054416364;24.765959259664797
24.528299074891674;26.197555150688707;24.692903528675377;24.581242245744242
24.590094205214317;26.078398823780503;24.750747841169716;24.580759129835467
24.55013471094975;25.970214967610143;24.874014624696002;24.605635696744105
24.520812735372207;25.99531199662286;24.90488833590692;24.578986932098008
24.5507431130476;25.951590653179007;24.730611187750164;24.767055046023227
24.718054982942842;25.95222659655042;24.711301142252584;24.618417278254153
24.57273331719892;25.956141001827614;24.713393562668205;24.75773211830526
24.578104412713138;26.007491577980602;24.688094230524023;24.72630977878224
24.557622904515345;25.9594342236407;24.743720292603243;24.739222579240714
24.690140210693862;25.958129983096693;24.71284669734152;24.638883108867926
24.519797924732206;26.004780783495956;24.694497445250352;24.780923846521485
24.566704096149184;25.93821924834555;24.7172462991084;24.777830356396862
24.58538613903022;25.97657611283711;24.7840441268374;24.653993621295264
24.50900333213308;25.99988997673794;24.729049856255322;24.762056834873658
24.648540194994933;25.973879554687123;24.79126407760158;24.586316172716362
24.712966923416307;25.94997554498021;24.721049990401358;24.616007541202123
24.56917302963634;26.09854129305404;24.703729039176174;24.628556638133446
24.511196533523936;26.072348573761868;24.83985813472371;24.576596757990487
24.575354538899127;26.08994762948773;24.73461479630857;24.60008303530457
24.562965779407193;25.935496238765417;24.731280728813275;24.77025725301412
24.699537915965184;25.95690797721818;24.735752408926462;24.607801697890174
24.534020454227612;26.147937509492525;24.750074060484483;24.56796797579538
24.71408813075356;25.938986847818242;24.742163336030824;24.604761685397374
24.553548877855132;26.093062402129892;24.721469470468854;24.63191924954612
24.67692517217273;26.01400475114939;24.732363883714896;24.576706192962984
24.544683299831085;25.993093753400075;24.843546729581732;24.618676217187105
24.581941744003583;25.94120081013851;24.866818195629918;24.610039250227988
24.570364400276397;25.95517546424169;24.869603104034237;24.604857031447676
24.52607662876264;26.014798627555567;24.67472734756103;24.78439739612076
24.591113838673927;25.933697880048147;24.85726223530393;24.617926045974
24.72207129869095;25.93404762422214;24.71566006708249;24.62822101000442
24.566846145548684;26.019831068124073;24.706661393163625;24.706661393163625
24.597335586117218;26.00565680659602;24.747700628211977;24.649306979074783
24.583071300692716;26.082779927180365;24.72590876990176;24.608240002225156
24.653506087597226;25.977721889799337;24.734466079991442;24.63430594261199
24.56965652046273;26.01823120858866;24.733685372297927;24.67842689865068
24.616085707265903;25.977109321783292;24.75408593971832;24.652719031232483
24.621275723220887;25.9655592187051;24.756127882308494;24.65703717576552
24.62293540397468;25.983741273697603;24.751365152936774;24.641958169390946
24.57912921170533;26.036772067977733;24.722574162690712;24.661524557626226
24.647130834629756;25.960119864291574;24.769800857649674;24.622948443428992
24.61754977171786;25.99364847656614;24.739494362828836;24.649307388887163
24.586645821270587;26.049613398785166;24.75911435157572;24.60462642836853
24.615367636957433;25.982839435277604;24.750349060362613;24.65144386740235
24.64148248917449;25.963499141206036;24.735510219997668;24.65950814962181
24.621612622678406;25.992404185310814;24.745415635936094;24.640567556074693
24.529568812206005;26.104894062564387;24.695682861355593;24.66985426387401
24.626176956567353;26.005207786928242;24.7283820289551;24.640233227549306
24.585835827187967;26.0190131938157;24.726827886017595;24.668323092978735
24.498518274860107;26.157540332517048;24.70612107575383;24.637820316869014
23.878940654072924;26.946415502805397;24.263191501557664;24.91145234156401
23.898580000384495;26.947666573865543;24.236580209721048;24.917173216028914
23.888440752081937;26.952308197248858;24.23947070336278;24.91978034730642
23.822500980789346;26.98794074109938;24.243118988437722;24.946439289673553
23.860416491352428;26.928390096245213;24.284272577454086;24.92692083494827
23.838814386264264;26.93605364188973;24.297516529806977;24.92761544203903
23.843142275572905;27.013209265076725;24.20396761458937;24.939680844761
23.8746912758374;26.953300713764477;24.247663094722853;24.92434491567527
23.88347010223093;26.946482208648064;24.247237558329434;24.92281013079157
23.88300738210859;26.955303436343804;24.233813836553978;24.927875344993634
23.827978697089378;27.16663764710504;24.165093895205313;24.840289760600267
23.857722322764218;26.928848085110836;24.272305503541055;24.94112408858389
23.867957101309287;26.94308347225488;24.251888944669332;24.9370704817665
23.837244681955404;27.054934605843638;24.209619258954092;24.898201453246863
23.857555364947544;26.953498884674467;24.264795275130425;24.924150475247565
23.881375109530655;26.97256416582303;24.23415314725174;24.911907577394572
23.869737830466825;26.972960786619808;24.250707093105113;24.906594289808254
23.912835644993976;27.001706910213528;24.215261893510167;24.870195551282325
23.861050338872563;26.956011486204712;24.2618060208299;24.921132154092824
23.892142878513997;26.95113591935021;24.230402411855692;24.926318790280096
23.898866084573346;26.96600468687012;24.23247702710086;24.902652201455677
23.867625682669523;26.99557095018995;24.215839324547765;24.920964042592757
23.906395877173043;26.951100416828268;24.252515235772375;24.88998847022631
23.9048630453947;26.972513334955117;24.23338866293526;24.889234956714926
23.87159801988313;27.0026734495;24.209790423508018;24.915938107108847
23.86605004395854;26.949447334532344;24.262834634837642;24.92166798667147
23.896877142878044;26.956582755081882;24.243096399333037;24.903443702707033
23.89349564396704;26.9612146103565;24.248116918044193;24.897172827632268
23.867794265139374;26.892577631209736;24.25289424041296;24.986733863237937
24.00219995155736;26.949952923222053;24.255740726238976;24.792106398981613
23.904504593978384;26.966073774627457;24.23742778898659;24.891993842407565
23.950377942967883;27.014681288387894;24.18304585651054;24.851894912133687
23.85493357624823;26.997371499421607;24.28068433339112;24.867010590939042
23.955606759521554;26.944951536001504;24.223188775395784;24.876252929081154
23.91079114270999;26.961904966705667;24.232577011981306;24.894726878603038
23.881279179280305;27.007796193963042;24.2450377049242;24.865886921832455
23.91251016670083;26.952866183073354;24.239266278293183;24.895357371932633
23.89815763713219;26.956039373820705;24.24353000713701;24.902272981910095
23.885171890139905;26.996094436165208;24.25483343627287;24.863900237422015
23.91280335948816;26.942976926096122;24.24576503728712;24.898454677128594
23.70853670555996;27.066473327505676;24.204843313469045;25.020146653465318
23.900676670498086;26.961873818712217;24.2353362294565;24.902113281333197
23.881011575883168;27.041369281837763;24.209382973566903;24.868236168712166
23.91951566559514;26.945676824166632;24.243588720331147;24.891218789907086
23.92312520618173;26.952690385562395;24.23570183065471;24.888482577601167
23.882641496401618;26.983196153610745;24.156943951959114;24.977218398028526
23.90034297328196;26.938493458102215;24.25530761739425;24.90585595122158
23.900320761569517;26.950625078664263;24.245466109120663;24.903588050645553
23.905411564428718;26.967663125578927;24.245848449858176;24.88107686013418
23.841417704512164;27.040415196888734;24.285923246271917;24.83224385232719
23.959501552406945;26.994301970407818;24.300209168174902;24.745987309010335
23.91773216042313;26.95216291323411;24.24380834409379;24.88629658224897
23.903117789333976;26.937392543691175;24.265091568007758;24.894398098967095
23.890661819437987;26.988583789474553;24.238987839432806;24.881766551654653
23.91576762775582;26.94421274288366;24.242818890693233;24.89720073866729
23.960143905737237;26.97644338509911;24.17200923831001;24.891403470853643
23.79717798957966;27.15790986193453;24.17857532973184;24.86633681875397
23.78518931285717;27.12406227293258;24.337085878124938;24.753662536085308
23.79401496311387;27.084049882610532;24.369155522695237;24.752779631580356
23.80125300889523;27.147029663174255;24.325097448707407;24.72661987922311
23.8841559103524;27.01892548475745;24.242062050344643;24.85485655454551
23.915732550819076;26.95093971661745;24.23318371778869;24.90014401477478
23.902151288074986;26.96374606958575;24.233233686954524;24.900868955384745
23.887009363830966;26.993385784243863;24.203842505423193;24.915762346501978
23.86310333785554;26.93211836766185;24.27570098243712;24.92907731204549
23.77278993448958;26.929295190419154;24.285776308625092;25.01213856646617
23.810626460780615;26.964134719204903;24.279608406001973;24.94563041401251
23.76399789416315;27.002364072939567;24.27890068468232;24.954737348214962
23.88493554242528;26.946810796307524;24.26840201532708;24.899851645940114
23.880580487995516;26.932278571707723;24.288524419316598;24.89861652098016
24.013703260169635;27.002932666672496;24.213803492393716;24.769560580764153
23.91118816395197;26.950248487967386;24.234890920211065;24.903672427869576
23.917686438132893;26.95283684531255;24.23276593511367;24.896710781440888
23.92012373647415;26.966083793471967;24.234300552166363;24.87949191788752
23.891797859969188;26.993324575274013;24.215553172425032;24.89932439233177
23.929977672353218;26.947016535763733;24.2279221706187;24.895083621264348
23.906154716246814;26.93896438010607;24.265503612362668;24.889377291284447
23.82408831903019;27.03600475003163;24.239682079784753;24.900224851153432
23.8910808549028;26.963425347833557;24.255228970646616;24.890264826617024
23.92058776995139;26.9552282844846;24.230490313912874;24.893693631651143
23.869325975722358;26.950198188912555;24.268324240045335;24.912151595319752
23.87749776295869;27.045653551858745;24.215404531903502;24.861444153279063
23.91172037778904;26.957394469469513;24.24532892093454;24.88555623180691
23.921349592138668;26.952820541357898;24.24050061126815;24.885329255235284
23.908211027696975;26.96622963518447;24.244225333542097;24.881334003576463
23.919288412497103;27.02501738739107;24.207850918463365;24.84784328164846
23.833047888075804;26.91670929810123;24.422585021908848;24.827657791914113
23.890859789044747;26.97383397996879;24.244677348283297;24.89062888270316
23.919998633772064;27.01265177938471;24.213555960659903;24.853793626183325
23.88517968812404;26.94253143559488;24.26581346103634;24.906475415244735
24.129337175009173;26.849508691338563;24.196238057054323;24.82491607659794
23.860486263384157;27.00561329629806;24.325221765321075;24.80867867499671
23.875813450082685;27.050668690298995;24.209686751347697;24.86383110827062
23.90809892412564;26.95126101879329;24.241686953502708;24.898953103578368
23.90390514454509;26.95768479978517;24.240677814385997;24.897732241283745
23.85650288362734;27.016487066506496;24.190556116208835;24.936453933657326
23.894412437673747;26.960230448749;24.236396294336416;24.90896081924083
23.356257205578636;26.50564354651463;24.382438786495147;25.755660461411594
23.42219787669326;26.13901515610057;24.940418184899585;25.498368782306585
23.472647826347497;25.707332850107907;25.862971934890982;24.957047388653617
23.504447718448375;25.64506618732706;25.909807548963048;24.940678545261516
23.494873285406054;25.617548154161994;25.910614232816044;24.976964327615907
23.49708027777868;25.723368471536762;25.850518971713367;24.929032278971196
23.511525899036474;25.647997122102172;25.906026824951045;24.934450153910305
23.48515563459415;25.664540960782013;25.86835443251147;24.981948972112374
23.495081451303246;25.670351622997067;25.905995558212304;24.92857136748738
23.48865145193426;25.738048162539805;25.87063463147898;24.902665754046954
23.547394502977166;25.65134238028654;25.892533076063255;24.90873004067304
23.504956357429965;25.627775470749643;25.906936913487773;24.960331258332623
23.515710077055115;25.656787418911826;25.886538906041373;24.94096359799169
23.54780585026933;25.704727493282668;25.834974294695645;24.912492361752353
23.54832225005712;25.650242642612582;25.87641575162697;24.92501935570333
23.454075642797807;25.753080051646748;25.832608559464138;24.960235746091307
23.439931221458107;25.63714340010639;25.92999990871574;24.992925469719765
23.530156600214763;25.63898906281604;25.88236648364027;24.948487853328928
23.585383302369326;25.59924522861302;25.91499800388599;24.90037346513166
23.510249349283534;25.664972688183113;25.87640887041595;24.9483690921174
23.481181988536022;25.75637061394102;25.8484517581003;24.91399563942266
23.49552986395385;25.63163680946784;25.908508288412435;24.964325038165878
23.48552330458607;25.646164897413588;25.874405983784698;24.993905814215648
22.38430015900051;26.439326007636975;25.70608428972404;25.470289543638476
20.410356265482424;26.876660919651712;25.534204247618376;27.17877856724749
22.984384627250556;25.333695528103867;25.591302134442095;26.090617710203478
22.988618564347483;25.253160203338382;25.777166818877724;25.981054413436404
23.018205348830865;25.28109915663356;25.730937506034884;25.969757988500692
22.86963779249973;25.455161809943792;25.551577749155037;26.12362264840144
22.753496384921117;26.036469566868785;24.86635060160881;26.343683446601286
22.779181895222557;26.025549695858775;24.855073472090382;26.340194936828293
22.350598957572366;26.26943017134385;24.79210658661085;26.587864284472936
23.032482935607163;26.301454266757467;24.744761387319336;25.921301410316033
23.628395119237318;25.690493622190015;24.224999187008304;26.456112071564363
23.374747613119947;26.264813149331633;23.29736882334606;27.063070414202357
24.011515678943375;26.592426260976694;23.396740298250894;25.999317761829044
24.008278127628728;26.51852259523666;23.34784978861074;26.12534948852387
23.631116979003494;26.15607083357193;23.937504448639025;26.275307738785546
23.187807747857267;26.168619337857656;24.02828352674165;26.615289387543427
24.069013808620866;26.342533527795602;24.00272507580984;25.585727587773693
23.464563145079406;26.590641358030776;23.99424295896137;25.950552537928452
23.547792598517205;26.5992557716991;23.932736278615774;25.92021535116792
23.448958630527816;26.534721825962908;23.90213980028531;26.114179743223964
23.591426048580704;26.49602063188683;24.058396616728228;25.854156702804236
23.48914734250311;26.58309380515968;23.98294237546792;25.944816476869292
25.03150242613051;25.161475816193846;23.9360462295885;25.870975528087147
24.954773657262017;25.15895564716994;23.986619780905627;25.899650914662413
25.41057955094735;25.18792970050073;23.81014597248949;25.591344776062424
29.189910333435993;24.480130048606885;22.830357056424074;23.49960256153305
26.502153967931267;24.515115652579233;24.867410963785666;24.11531941570383
26.41372008094935;24.576732556548997;24.83611965321005;24.1734277092916
25.97701329623061;24.55622728029865;24.84402159535171;24.62273782811903
26.077398457643667;24.527792232090132;24.79841593729232;24.59639337297388
25.937024249462176;24.575424264406;24.81919533752798;24.66835614860384
25.939377530391116;24.539005881260096;24.74088835606442;24.780728232284368
26.003090422654207;24.61566110588218;24.89316920249309;24.488079268970527
25.985968528280946;24.608526491398198;24.800785203574858;24.604719776746
25.964279292082626;24.573890277834174;24.82231490451082;24.639515525572385
26.0599161519171;24.433092438674752;24.903342762173494;24.603648647234653
26.312636539660932;23.718062120212483;25.39906523447879;24.57023610564779
26.232741893484828;23.54287822237653;25.148606611769253;25.07577327236939
24.997169391365667;24.97765939830296;25.019187285237944;25.005983925093428
25.07925417878977;24.93576472736268;24.96860017904892;25.01638091479863
25.052160291519925;24.931175078601502;24.932360118948424;25.084304510930146
25.035502061453574;24.921694855489925;24.98627562253506;25.056527460521437
25.08247610754928;24.88685201107967;24.982392741084986;25.048279140286063
25.06057031466727;24.875369540191304;24.972409915309896;25.09165022983153
25.018794264960125;24.93555991597086;24.967934905853674;25.07771091321534
25.024501379462592;24.935637720507426;24.968851810467307;25.071009089562672
25.12636851620631;24.927944111027628;24.932752952748185;25.012934420017878
25.06414386392747;24.851118474861284;24.947375476660792;25.13736218455046
25.049581782068998;24.870177878310464;24.99350889391552;25.086731445705013
25.036855430254683;24.90294573982468;25.038026993600532;25.022171836320105
25.088125911066278;24.955731326883665;24.959898202185894;24.996244559864166
25.069861675305944;24.875635443420887;25.032130475140708;25.022372406132458
24.99052274377244;24.82633790278339;25.063942735691313;25.119196617752852
24.986013504255;25.09241685889424;24.946571207729175;24.974998429121587
25.122304804251495;24.89361610781284;24.91934000842914;25.06473907950653
25.07250627549718;24.949129429510645;24.97255541292581;25.00580888206636
25.016340776370434;24.9444234526404;24.9898373801751;25.049398390814066
25.054870931847372;24.95429785435279;24.96945943483224;25.0213717789676
25.0640025224949;24.92420944228853;24.964635894350277;25.047152140866295
25.001121399150257;24.949592644807847;24.976765721738055;25.07252023430384
25.0081883749585;24.885826944172738;25.007371394237015;25.098613286631743
25.130847077024892;24.88591761883421;24.925823091600467;25.05741221254043
25.019208959615657;24.91942020172982;25.010178302793406;25.051192535861116
25.074676366363008;24.899620399643833;24.997098021968515;25.028605212024647
25.112219812223163;24.893758644009967;24.978180538716025;25.01584100505084
25.074958365165596;24.889231565645986;25.002359274651287;25.03345079453713
24.994046225923142;24.927767717952616;24.971462944941962;25.106723111182284
25.01900200481612;24.95151540512883;24.97765029463569;25.051832295419356
25.15480886681752;24.887202386912033;24.96185346122269;24.996135285047757
25.00433474187016;24.954758936299218;24.97762627022296;25.063280051607663
24.99781358199381;24.96474727621097;24.971611409234384;25.065827732560837
25.04959191889617;24.912161914870257;24.963839988288257;25.07440617794532
25.20079851727083;24.75628173179998;24.80463319723973;25.23828655368946
25.12387300744818;24.938700005240747;24.959365639369075;24.978061347942003
24.90991643597205;25.169990245835482;24.93498154753414;24.985111770658325
25.103277122369573;24.939329494833398;24.913889976829907;25.043503405967122
