25.28194849142864;24.976027418446826;25.23833385918351;24.503690230941025
25.264422702348945;24.96974439860175;25.21213548276513;24.55369741628418
25.415729122323356;24.824484941855356;25.14848675275182;24.61129918306947
25.221087088514032;25.010163406457064;25.15641086560545;24.61233863942346
25.255665900098656;24.99269525999718;25.242431429975902;24.50920740992826
25.245085355826564;24.984427616687462;25.24316875480348;24.527318272682493
25.242674476532663;24.980428608091234;25.25798652970646;24.518910385669642
25.0011323624418;25.68054982752332;25.00685377267407;24.311464037360807
25.22530198987519;24.923896880691025;25.357793260154043;24.493007869279733
25.354536808705824;24.934563235900587;25.17569034734087;24.535209608052718
25.228723112462898;24.882514643764893;25.214907281552414;24.6738549622198
25.44494696092053;24.85931141958385;25.18109145479207;24.514650164703554
25.26752591795414;24.948596139457152;25.270864468591114;24.5130134739976
25.27272910555337;24.920111692422456;25.243092307537225;24.56406689448695
25.329828189931774;24.925094547562573;25.224079315902465;24.52099794660319
25.319423066788545;24.904004986470746;25.18531171802453;24.591260228716184
25.26765188834154;24.93185550082102;25.236863711001646;24.563628899835795
25.289801499615933;24.921590391914183;25.274562337440354;24.51404577102953
25.240788096351686;24.942346512141146;25.25577091672589;24.56109447478128
25.21994784125677;24.96225354108276;25.23323105260594;24.584567565054527
25.25932722919462;24.94310258636567;25.261464993290712;24.536105191148998
25.234033431763503;24.986602902642833;25.24659898514678;24.53276468044689
25.25691196882586;24.98594472636917;25.223916637941677;24.533226666863285
25.262064731566536;24.95567706510451;25.236054292965516;24.546203910363438
25.273727619993313;24.94016799570385;25.21131184582493;24.574792538477908
25.344738943065302;25.301058773862124;25.00553839465973;24.34866388841284
25.28205757421722;24.970056031737688;25.22966780210299;24.518218591942105
25.229981847312544;25.005839182760276;25.236947889903742;24.52723108002344
25.2463985713717;24.983649258102858;25.233317977853986;24.536634192671457
25.21013479145473;24.907330874872837;25.359708799593083;24.52282553407935
24.85088034495149;24.511678045274884;26.08504012456582;24.55240148520781
25.516198328134244;24.81309136227921;25.199081192834715;24.471629116751835
25.116552716403262;24.863371217613402;25.596984128754503;24.423091937228833
25.205307809440942;24.937132912769197;25.24080922340657;24.616750054383292
25.050340879670912;25.032361994074158;25.051239823950755;24.866057302304174
25.179015572770624;24.83623243508705;25.14356890515343;24.841183086988895
25.254449788301063;24.916759156492784;25.230813499403954;24.597977555802196
25.25294556545838;24.950189811664195;25.248640981281206;24.548223641596223
25.14102397610506;24.8839342239826;25.12824050776748;24.846801292144864
25.25411147239328;24.769621629533596;24.996079333382124;24.980187564691
25.158619387638137;24.767998777344005;25.1413134112327;24.932068423785154
25.571254492168645;24.822817757749846;25.123358184080104;24.48256956600141
25.261595142996264;24.93913422478284;25.18498088048516;24.614289751735736
25.09233001121236;25.178382061506422;25.287306682789428;24.44198124449179
25.25810470722693;24.939087098294436;25.260585107296386;24.542223087182247
25.260214815635035;24.94869523493153;25.242128963200827;24.548960986232608
25.256565969448474;24.94599683724873;25.241893412021714;24.555543781281077
25.258719579634647;24.943363333977477;25.245151449117454;24.552765637270422
25.266346779440468;24.974924094556496;25.239915419648668;24.51881370635437
25.254161395850716;24.93314117793867;25.235688052518125;24.57700937369249
25.341003024622584;24.701841066392262;25.31319692581825;24.643958983166904
25.55745414831323;24.857840628362556;25.131882790555217;24.452822432768993
25.256123265959708;24.960580709465532;25.245502524468556;24.537793500106208
25.24780626334374;24.96279926586011;25.282197788727075;24.507196682069075
25.244978572904763;24.957594238275536;25.258041497206097;24.539385691613603
25.237807435379366;24.95969433073453;25.237966903902674;24.56453132998343
25.26552088564426;24.953341778034282;25.256526529602674;24.524610806718783
25.208806435472077;24.9801428316497;25.203732797743804;24.607317935134414
25.242673396142568;24.9630122733219;25.27069304916289;24.52362128137264
25.23631074509715;24.969525004568894;25.27719528301709;24.516968967316863
25.07758031138703;25.20938246605029;25.0623040508735;24.650733171689183
25.262039032743804;24.966414715521566;25.21147657149606;24.560069680238566
25.271663415993313;24.93405173817545;25.21629944310357;24.57798540272767
25.269739172481266;24.93557558413032;25.26355442855777;24.53113081483064
25.254653779498366;24.93873996602892;25.254136453384607;24.552469801088108
25.226082216309685;24.926805318392354;25.296479074082768;24.550633391215193
25.246459963243527;24.952300248011724;25.24753944843704;24.553700340307707
25.283752217192816;24.925285852290536;25.178748550141673;24.612213380374975
25.259320077389564;24.95549287073016;25.24102947631977;24.544157575560504
25.255310594384504;24.939690410775313;25.230851705421166;24.574147289419017
25.26950551999258;24.93164317823377;25.203721040069492;24.595130261704156
25.277992136111415;24.936243707051776;25.231323264616172;24.55444089222063
25.213328985831225;24.90734267476745;25.207491182781617;24.671837156619713
25.26350738456113;24.965011302818635;25.209018743774713;24.562462568845525
25.165767425978974;25.06182541256694;25.2420919962139;24.530315165240186
25.16417957189609;24.901742793166623;25.21428683275136;24.71979080218593
25.216883347886547;24.96482972736975;25.194649267488117;24.623637657255586
24.888851270080277;25.222742945730907;24.895533558452204;24.992872225736612
23.7305955525262;26.246059470051975;24.8656385788532;25.15770639856863
23.428361540417598;26.54839297960819;24.796377301109874;25.226868178864336
23.5736390915865;25.955774252666767;24.83357164754559;25.637015008201143
23.56604507517315;25.912481170816264;24.81797367960757;25.703500074403014
23.558256628393032;25.897947098994045;24.83418067911465;25.70961559349827
23.62874080805829;25.84764837286227;24.888906449987793;25.634704369091647
23.57713598074609;25.859807460890494;24.82286401925391;25.740192539109508
24.230995849065764;25.230221272820756;24.770992450640072;25.767790427473404
24.243693388783367;25.32424459894186;24.822228611402274;25.6098334008725
24.246113749372803;25.308248577359986;24.837879677828216;25.60775799543899
24.24643773616987;25.198164558802805;24.975781751633754;25.579615953393574
24.479324784997694;24.969003979077975;24.97224842238944;25.57942281353489
24.217799816908787;25.24367583367566;24.982463010831047;25.556061338584506
24.34012685933247;25.12013194362634;24.952722267347053;25.58701892969414
24.284686535335194;25.265141216578336;24.94000127549736;25.510170972589112
24.225952108399763;25.25762704393629;24.99121689157042;25.525203956093534
24.328386842849543;25.18082082866077;24.9579221971041;25.532870131385593
24.300204927201623;25.18143663812004;25.02013476871862;25.498223665959713
24.40913721208035;25.239184920815227;24.889339186386522;25.462338680717906
24.221563342967535;25.2358652529008;24.974428604301778;25.568142799829886
24.24615302008618;25.234353676052745;24.959617337921223;25.559875965939856
24.24698006003698;25.258575731186045;24.950530626096374;25.543913582680606
24.247900994659823;25.246965865912856;24.923761206127296;25.581371933300023
24.26348891095664;25.24289262692956;24.94257752981041;25.551040932303394
24.52286842271345;24.96300988506768;24.625014901231136;25.889106790987736
24.634642160019148;25.065823407848914;23.397173329917145;26.90236110221479
24.686405389487607;24.890216054804146;23.20625949308232;27.217119062625926
24.754445997397465;24.8622825196395;23.208949828907414;27.174321654055618
24.679312881865584;24.89615084061839;23.219940866529267;27.20459541098676
24.754348955944845;24.856920113730165;23.21914457794491;27.169586352380076
24.716618184562332;24.871105947280515;23.211465982079417;27.20080988607773
24.692414901891187;24.914784442484066;23.19429147113633;27.19850918448842
24.7309577306758;24.869501328480748;23.208971587883344;27.190569352960104
24.771574035511208;24.81421354888245;23.131581855116316;27.282630560490027
24.699784152570466;24.89553454211374;23.211298190483397;27.193383114832397
24.925388401117136;24.76302320372171;23.25214641870799;27.059441976453165
24.475532141470076;24.94628471917714;23.703316253022464;26.874866886330324
23.80523540814404;25.543132877941606;23.936487863139778;26.71514385077458
23.59185469172271;25.757180566903397;23.88300546791528;26.767959273458615
23.599742693932892;25.784725726369633;23.88901942506731;26.72651215463016
23.65360567709765;25.712637581736036;23.881440644829095;26.75231609633722
23.62141000756654;25.74431687337566;23.86222324571504;26.772049873342763
24.37483858225848;25.650608449933916;25.070454096592375;24.90409887121523
24.421346272727554;25.89100714172551;24.951617061858713;24.736029523688224
24.242459910515002;25.745990315845845;25.113474686868713;24.898075086770433
24.214348925056083;25.76460309115367;25.114080072143135;24.90696791164711
24.2568115302204;25.844424231122005;25.044243072391183;24.854521166266416
24.50487723271735;25.95389149122356;24.780910588356413;24.76032068770268
24.269369664530334;26.362880040051685;24.725288883816983;24.642461411600998
23.904471548962615;26.908907783575277;23.829245714739457;25.357374952722655
22.70933960247916;27.38704851463988;23.92327420388972;25.98033767899124
22.686695526418205;27.372641532097262;23.923164514997623;26.017498426486913
22.763871290921415;27.185299230927896;24.16241859916905;25.888410878981645
23.280772287227588;26.96780962149;24.049810333960984;25.70160775732142
23.394879745670806;27.037941875442904;23.903655590661547;25.663522788224746
22.43077705809835;26.95927832025517;24.467056728567794;26.142887893078687
22.66314342280687;27.336936602417083;24.12584446617574;25.87407550860031
24.03498490406099;26.019956988347086;24.166060561663116;25.778997545928807
24.00837337440481;25.43032853563565;24.50622037593414;26.055077714025405
24.098593142330145;25.940297728320733;24.23866988002123;25.722439249327895
24.026683998078475;26.039069581415973;24.227096561033452;25.7071498594721
24.0421720121163;26.036612712520895;24.21173304809346;25.709482227269348
24.068760277757434;26.020785204023888;24.225548091582723;25.68490642663595
24.19020845621917;25.907891048890786;24.271156235489013;25.630744259401027
24.036418877211545;25.946946922873426;24.198151399276913;25.818482800638108
23.950136085739977;25.954806653292657;24.177939559325512;25.917117701641857
23.986198053422942;26.058745260010763;24.221707459301335;25.733349227264966
24.382223057408623;25.39943535433529;24.901008040160537;25.31733354809555
24.480812945529806;25.01342566594981;24.98326389587078;25.5224974926496
24.56058080252085;24.955178812946247;25.026378019175176;25.457862365357727
24.49960875925653;25.01483690742148;24.999716492214876;25.485837841107116
24.739579563931468;25.207106016086;24.61727001220683;25.436044407775704
24.5099848564906;24.982745500557453;25.275250348250154;25.232019294701796
24.132577053932717;25.34450304994665;25.303484790530067;25.21943510559056
24.26029406714386;25.163493286104664;25.346978624448685;25.229234022302787
24.032463858977156;25.34561421983636;25.422022819722233;25.19989910146425
24.46199831311871;24.998890209676386;25.351063672370167;25.18804780483474
23.99902138795012;25.652348069279977;25.35204848926765;24.996582053502255
24.070201016508868;25.543473544445504;25.42573902277454;24.960586416271084
24.066704125629208;25.605335864239404;24.999199387458624;25.328760622672764
23.797058436019945;25.846514433911892;25.03484525931114;25.321581870757026
23.83310551324611;25.823341795222287;25.035735207967193;25.30781748356441
23.947376829654416;25.76955141332543;25.092444932449116;25.190626824571034
23.767645414867935;25.886284443493047;25.040434312081533;25.30563582955748
23.812799881892673;25.880859230826015;25.00509337860781;25.30124750867351
23.9379561709291;25.79609369510291;25.028641958712804;25.23730817525518
23.775612589016955;25.940769405480314;24.961834475184503;25.321783530318232
23.904674610449128;25.84231737302315;25.035426941934734;25.217581074592992
23.811849247361476;25.87679576651928;25.04839024736739;25.262964738751858
24.328527000282726;25.573775641629755;24.709578110765555;25.38811924732196
23.789317007414066;25.87227589305774;25.058975511121094;25.279431588407096
23.8196798201754;25.88429986106072;25.026770148408396;25.26925017035549
24.42864549501499;25.28441088657533;25.001638826481056;25.28530479192863
24.513991376566253;25.002459704256736;25.016639175854387;25.466909743322624
24.421013592019218;24.800871558171004;24.644987816149904;26.133127033659875
24.869255525580954;25.138731127833786;24.88256661460552;25.109446731979745
24.854584380162866;25.078451115912138;24.885378276128375;25.181586227796622
24.565117099514232;24.861165592257343;25.559593328053804;25.014123980174617
24.484139587510175;25.18609682990253;25.013647100859522;25.316116481727775
24.522428109382837;25.18086296290174;25.011708569570946;25.285000358144483
24.486094009179073;25.22438865539805;25.0038161335952;25.285701201827678
24.45398302950259;25.252134011475935;25.0127522133821;25.28113074563938
24.569355767987116;25.192540595200303;24.979717097604855;25.258386539207734
24.749142676003576;25.090055041641453;24.984006224604478;25.176796057750494
24.45120175615438;25.2833590932509;25.00839997312009;25.25703917747463
24.505710107169403;25.203589895228124;25.01678268027396;25.273917317328515
24.570817363401375;25.160887779659507;25.02718602370978;25.24110883322934
25.257659298776357;24.98875027785458;24.75996074795743;24.993629675411633
24.56820716474005;25.189978200750062;25.02655036851113;25.215264265998762
24.557970672827572;25.213058135697107;24.98644443396671;25.242526757508603
24.538213512757466;25.209876179679334;24.98549785780539;25.26641244975781
24.38857600172005;25.251885783906786;25.014184439520537;25.34535377485263
24.967366936121145;25.028828312036477;24.872248140061696;25.13155661178068
24.681916876596212;25.05500685592697;25.056166420742294;25.206909846734522
24.489649075920482;25.252862693501633;24.976358366054725;25.281129864523162
24.70279362331311;25.06045204914952;24.861148187216045;25.37560614032132
24.533644237175217;25.187895569620256;25.033831612258496;25.24462858094604
24.465276219598103;25.227117370500054;24.994912362177196;25.312694047724655
24.269657264408615;25.151229090359855;25.337008647056603;25.24210499817493
25.284696336113775;24.516107770836843;25.565914067477607;24.633281825571775
26.359493799885712;23.873806655432332;24.973885635461667;24.792813909220282
26.270131603711665;23.711759244761392;24.951089475024396;25.067019676502543
26.32391974760956;23.516841906676056;24.930467478953453;25.228770866760936
26.551891601565643;23.356286202227533;24.865000466347407;25.226821729859424
26.6126432356467;23.42538600461359;24.875818098162387;25.086152661577323
26.38087215000929;23.566596411205854;24.981581965060187;25.070949473724667
26.730227200313717;23.32001666625818;25.148403225411144;24.80135290801696
25.325408104610197;24.556101379920793;25.009080746349188;25.10940976911982
25.406422231392117;24.532015095802212;25.022511723637898;25.039050949167773
25.31465550647136;24.54564829884523;25.008718902580796;25.130977292102614
25.341932642725833;24.532354944261524;24.997823715864342;25.127888697148297
25.327535233202997;24.528817358105766;25.021099028835632;25.1225483798556
25.294070563014625;24.546887724207053;25.01339848127345;25.145643231504877
25.309950599033044;24.536268657007508;25.022477147420837;25.13130359653862
25.405775459834544;24.48123219262758;25.045086162203837;25.06790618533404
25.30807160412436;24.555377738912412;25.02540576638309;25.11114489058014
25.313238193780137;24.547761747652423;25.029186107803135;25.109813950764305
25.30556979542858;24.529950092757126;25.019827267147427;25.144652844666865
25.402384714355332;24.50175118502193;25.02179496043182;25.074069140190918
25.36163390325321;24.51253704080371;25.06211687943941;25.063712176503667
25.37366889325116;24.522700006067165;25.003376084016544;25.100255016665134
25.357890697344605;24.57015575336409;24.986652095203933;25.08530145408738
25.609532375702415;24.385035310042657;24.831375622267146;25.174056691987783
25.34153590016882;24.57385811089414;24.990275173685397;25.09433081525164
25.40979016658074;24.502063191391173;25.015302566003783;25.07284407602431
25.35912889464384;24.531900460419017;24.97726771314225;25.13170293179489
25.315069101486387;24.573447043781236;24.988296508196147;25.12318734653623
25.114558765867045;24.795023204368157;25.00180445906219;25.088613570702606
25.104877383133843;24.775234901945495;24.999025303130725;25.120862411789936
25.099102599608962;24.76428255504896;25.056113359319777;25.080501486022293
25.10333162825257;24.757399366008656;24.99187908612649;25.14738991961229
25.058750412709514;24.716929829672356;24.981063916564704;25.24325584105343
25.151209078486126;24.880042778206878;24.865308062503715;25.10344008080328
25.08043335521996;24.771011162179907;25.08519369665135;25.063361785948786
24.96925419037959;24.560464834299815;25.346864697266845;25.123416278053746
25.75165578115901;24.349950344687606;24.61236236054831;25.286031513605074
25.10339527074914;24.76446667569636;25.133634253207383;24.99850380034712
24.93341793097064;24.750015910269934;25.41304025009016;24.903525908669266
25.056366580793405;24.8010994914264;25.00931273943543;25.133221188344763
25.05575052596961;24.718994823648135;24.970153758824353;25.25510089155791
25.359828232937865;24.59307160921296;24.86676171563386;25.180338442215323
25.108244511577453;24.788575833908546;24.975751436536893;25.127428217977105
25.076984367172255;24.809398504596835;25.01132751654672;25.10228961168418
25.070230597763132;24.79748474200111;25.008517224260952;25.12376743597481
25.075552320487414;24.775499750630164;25.024869586315663;25.124078342566758
25.13793712662386;24.78287312598596;24.967206220108412;25.111983527281765
25.20362324177038;24.81055305987186;24.996870167169895;24.988953531187864
25.08363816969829;24.785079899215656;25.02532164770682;25.10596028337923
25.079320234714885;24.801243093703427;25.01519742365973;25.10423924792196
25.06632201891028;24.796805512403093;25.026979227373758;25.109893241312875
25.115820306662286;24.736892794399445;25.063348311099155;25.083938587839118
25.101324897422245;24.771979828984872;25.026779841513452;25.099915432079435
25.0929584718793;24.77419399741439;25.01431134171656;25.118536188989747
25.134893956523875;24.732575330759605;25.028831574449743;25.103699138266776
25.368443093518394;24.164574699895766;25.273643059464014;25.19333914712183
25.171822555336316;24.663909748920098;25.042379934292924;25.12188776145066
25.167024835333606;24.76250492914298;25.142685717843595;24.92778451767982
25.09708692350244;24.793684427651254;25.073084748305313;25.036143900540985
25.097997818360955;24.003307646292974;26.883599000668568;24.015095534677506
24.76636095521348;24.30468273622121;26.70391617615949;24.22504013240583
24.969512981390945;24.546931587498662;26.070115844530328;24.41343958658006
25.15723404527488;24.72785185248355;25.376402314485148;24.738511787756426
25.256048766078575;24.671715137356;25.376621284137595;24.69561481242783
24.843185961992635;24.749941875405344;25.371936222023717;25.034935940578308
24.825144377476928;24.749736442783536;25.366154621468844;25.058964558270695
24.833297264502907;24.74469741950639;25.345289688198836;25.076715627791867
24.965452950208377;24.638078525992544;25.29465526065658;25.101813263142503
24.867570437623037;24.711697892926118;25.37306944711822;25.047662222332622
24.867096863094503;24.723193496006253;25.398396236903466;25.011313403995782
24.81441432094042;24.74567588204873;25.37015811462135;25.0697516823895
24.814052219636356;24.738767680967936;25.387489017511623;25.059691081884093
24.852414504843754;24.74460491316874;25.458728276828;24.9442523051595
25.133873967582115;24.64130996955871;25.269296652034296;24.955519410824884
24.80786541372867;24.768313307238035;25.370119065479198;25.053702213554097
24.80418961577578;24.74293695764156;25.390134854908798;25.062738571673865
24.81669438396169;24.76440299232488;25.354467056423267;25.06443556729016
25.15535929620697;24.55910162245122;25.43952806402105;24.846011017320762
24.801670865226995;24.74640330290225;25.404917090828246;25.047008741042504
24.78978126993592;24.76381448818191;25.37355299307232;25.072851248809858
24.678716322911352;24.892196875835097;25.262371547263317;25.166715253990233
24.793440808521755;24.727898359738386;25.408828753348615;25.06983207839124
24.885771095511807;24.626914284119003;25.5568756029394;24.930439017429794
24.789791962038134;24.742050287896763;25.395098521454816;25.073059228610283
24.801034798699316;24.7304803419278;25.395848066203598;25.072636793169284
24.771580440958594;24.75607578799658;25.411186528805768;25.06115724223906
24.80691152372901;24.744549164500945;25.422968135182806;25.025571176587242
24.891855799460558;24.697979498744456;25.43408903730335;24.976075664491635
24.96182173990393;24.67859811421455;25.45112969222558;24.908450453655934
24.816628787779948;24.729998773611246;25.41834207896378;25.035030359645027
24.854000366467304;24.742807296144733;25.359067481664887;25.044124855723076
24.729928136629045;24.650796234546313;25.381194972303835;25.238080656520808
24.801375038895227;24.679577412615387;25.406807035220552;25.11224051326883
24.818217915151816;24.716779789306496;25.43692844114107;25.028073854400617
24.99724420364166;24.59122354017951;25.478422949604003;24.93310930657483
24.872062314805625;24.723174579412486;25.39683056250275;25.007932543279143
24.80001753270946;24.729886694865108;25.400512831751737;25.069582940673698
24.803527089622065;24.7173997136802;25.390383489993685;25.08868970670405
24.833338213619903;24.720278241405;25.435890928848675;25.010492616126417
24.809814422319793;24.724524396301543;25.401573872502592;25.064087308876072
24.79486748319303;24.740302748484027;25.390275122942242;25.074554645380697
24.791577151229827;24.73129913045091;25.3928117687426;25.084311949576666
24.85094407881006;24.713019521629633;25.400555176779978;25.035481222780337
24.852338242454607;24.701747948260167;25.40149178951231;25.044422019772917
24.78144206474605;24.73880934648393;25.407011951082005;25.07273663768802
24.80447592032511;24.724951314660707;25.399345017814763;25.07122774719942
24.801221565326337;24.73184291922791;25.398065854899965;25.06886966054579
24.87030711400184;24.817587696722974;25.322789449877558;24.98931573939763
24.976170166143635;24.66579538429031;25.408159272505305;24.94987517706075
24.90033806298392;24.749482000266575;25.691575082698204;24.6586048540513
24.655759365438254;24.628279914514703;25.487261921881473;25.228698798165567
24.71845326774186;24.690290262265904;25.55501118187969;25.036245288112546
25.15066271190331;25.18738794341254;25.060379851109793;24.60156949357436
24.791705270402627;24.731152553140802;25.4056701167377;25.071472059718875
24.811469087456985;24.710454491515367;25.427494956686843;25.05058146434081
24.789198065060134;24.732614387786803;25.39460642908919;25.083581118063876
24.92335040860083;24.70681679033825;25.439627070484526;24.93020573057639
24.868526553215087;24.655711170559538;25.47849740350246;24.997264872722912
24.8879568357881;24.637688599575956;25.553285316056694;24.921069248579247
24.777814228328975;24.731668737995708;25.329654398863106;25.160862634812215
24.784368616176135;24.69414390557615;25.373382764621322;25.14810471362639
24.85427844530089;24.72001813647699;25.36713771127736;25.05856570694476
25.042139070320996;24.635411624688942;25.417262213212304;24.905187091777755
24.784087279468405;24.733357967320302;25.36716122526946;25.115393527941833
24.873121521073966;24.70799602569748;25.360030033081554;25.058852420147005
24.784920435657284;24.73550060225456;25.385585934892944;25.09399302719521
24.92168046984952;24.68113970986251;25.423060788134677;24.974119032153297
24.787981262594844;24.73560798200699;25.392267895976563;25.08414285942161
24.804782610738012;24.725865775616263;25.40777612671789;25.061575486927833
24.898126646261908;24.638007007639477;25.521429098935727;24.94243724716289
25.167371839771;24.61557151290476;25.31580935460052;24.901247292723713
24.80712852954791;24.739194911622008;25.36817020692966;25.085506351900428
24.89667804251855;24.669943746934262;25.488170157696445;24.94520805285075
24.80799186688575;24.72868261205102;25.37497472640443;25.088350794658798
24.91519576841258;24.548669004772034;25.38018168228598;25.155953544529407
24.823317873027026;24.731330042808576;25.372565597146888;25.072786487017513
24.735307514671298;24.712929810809094;25.683777886061737;24.86798478845787
25.175044510659493;24.76914419608675;25.197738028246974;24.85807326500678
24.99220462510064;24.645252267639652;25.26190132684262;25.10064178041709
24.702831309480636;24.49148356114703;25.9068256568663;24.898859472506036
24.820840250287322;24.706593453369088;25.436513003873497;25.036053292470093
24.781017761442936;24.725159075822095;25.396812546886217;25.097010615848752
24.775590797512983;24.720152375630956;25.341179106844823;25.163077720011234
25.03641247090844;24.512721740422197;25.156108330729392;25.29475745793997
24.84036814692841;24.70719104719528;25.384174637505357;25.068266168370958
24.82569802654715;24.729168120072952;25.358178631581797;25.086955221798103
24.815431599845944;24.716524996971323;25.367645064524353;25.10039833865838
25.080712446040554;24.54617062844291;25.49813700646218;24.874979919054354
24.88443020089357;24.607736313925464;25.26688413717146;25.240949348009504
24.85075608564377;24.67551585462108;25.384933411844298;25.088794647890854
24.955654343078503;24.562989471983794;25.233688409241296;25.247667775696403
24.824487822909706;24.627152138988016;25.394600281501912;25.15375975660037
24.774385651813457;24.57218709852987;25.38335453412061;25.270072715536063
24.947049732485645;24.688685039669668;25.33369086465205;25.03057436319263
24.845185668131396;24.6980666083361;25.37743188775325;25.07931583577926
24.82410912413523;24.72082626288996;25.37641952747683;25.078645085497975
24.84250643799701;24.710748206855428;25.388695110453707;25.05805024469386
24.82225782628832;24.68144096331251;25.452804446057755;25.043496764341416
24.84931054413343;24.676483903205693;25.375620339446332;25.098585213214548
24.82524768109289;24.735714588033822;25.38393418178148;25.055103549091807
24.80764306464288;24.730823907534457;25.373455890793178;25.088077137029487
25.12953220693338;24.59265529661739;25.309059300753333;24.968753195695896
24.82912105119372;24.73317030590963;25.369377053112736;25.06833158978391
24.81186062306036;24.715011862450396;25.40543997661011;25.067687537879134
24.819584301575006;24.724696617609087;25.38955589981926;25.066163180996643
25.12201297251918;24.737734573062866;25.241277529957724;24.89897492446023
24.8224751057945;24.724589742866897;25.380656599352857;25.072278551985743
24.843622390707775;24.726593424474075;25.38026591234092;25.04951827247723
24.842132959129977;24.729684015335657;25.367729972185334;25.060453053349036
24.79996666778842;24.726571701913876;25.389690411059885;25.083771219237818
24.812701343933625;24.70509160406405;25.374342714956395;25.107864337045925
24.800526085050418;24.72192647335129;25.3883008705455;25.089246571052797
24.799795606535945;24.734927226304375;25.37846801126155;25.086809155898127
24.816657356884626;24.734425499083493;25.384089937408778;25.064827206623104
24.826413715302603;24.727584727584727;25.394918728252065;25.051082828860604
24.722485984908644;24.637837874369364;25.636550412089303;25.003125728632686
25.098571555797843;24.629800050196604;25.38436834591397;24.887260048091584
24.76204252462135;24.678254200674402;25.319767084834993;25.239936189869255
24.80498821630924;24.72251514772382;25.390215068314763;25.08228156765217
24.955843093305834;24.6714065652638;25.35064525544957;25.022105085980794
24.841219854814952;24.734200074077485;25.357884729284336;25.066695341823227
24.83773276438086;24.718743766329602;25.354700204917748;25.08882326437179
24.925210343026613;24.626236267031835;25.44933773551129;24.99921565443026
25.269125028997884;24.77085503033055;25.153380289337168;24.806639651334397
24.833208043600827;24.72357952765771;25.368978262231412;25.074234166510056
24.819779565087877;24.728924635090856;25.37351471220998;25.077781087611296
24.83622029757939;24.72573839662447;25.383818195277225;25.054223110518915
24.91504089479965;24.689270359761625;25.399276008565842;24.996412736872887
24.816923474327286;24.729979187973967;25.402642350267868;25.050454987430882
24.831530989020628;24.719358881585052;25.416006706711265;25.033103422683055
24.83441894608823;24.72211417833997;25.365812237384887;25.077654638186907
24.819070678721836;24.74217278064992;25.37254760700319;25.066208933625056
24.844246682934145;24.682808349635756;25.38468609840158;25.088258869028518
24.81792645064248;24.72986263330098;25.360129588799822;25.092081327256714
25.077763363505028;24.661182691079205;25.42346021169325;24.837593733722517
25.18361212236578;24.659345975999557;25.2280280137372;24.929013887897465
24.998724945172643;24.672820931300045;25.306438176841606;25.022015946685706
24.775174931548523;24.936111956191056;25.356556130209917;24.9321569820505
24.828044150995403;24.72452610346167;25.37726925341719;25.070160492125737
24.824517717367815;24.72084143793675;25.38189517733029;25.072745667365147
24.823949510048166;24.707966561479267;25.393899130819907;25.07418479765266
25.12087738968524;24.767923791519394;25.19947911691211;24.911719701883257
24.831335656760704;24.723455234776058;25.369854707295246;25.075354401167992
24.78996836770558;24.730445233047245;25.39115202775479;25.088434371492387
24.824949213113477;24.736493169917146;25.377134733266914;25.061422883702463
24.841111875041115;24.724630464983985;25.364310766726305;25.06994689324859
24.69600777019563;24.63410465586454;25.3340058609952;25.33588171294463
24.81922664522182;24.730599115400082;25.37980833668409;25.070365902694007
24.83109098956417;24.72586169813769;25.36399202959218;25.07905528270596
24.81931731141126;24.70688831420966;25.403075966358514;25.070718408020564
24.790018800965637;24.73754667793983;25.39965958014885;25.072774940945685
24.793414344036975;24.737182073402973;25.37977686867779;25.08962671388226
24.804457808168305;24.741421716340845;25.370968214824398;25.08315226066646
24.778608171295136;24.74814183195585;25.38682033590997;25.08642966083905
24.91794899139315;24.66494688978412;25.384789351847598;25.032314766975134
24.8450689573178;24.718560515990966;25.370051123528714;25.066319403162524
24.78068976576537;24.73823086707267;25.389874737137504;25.091204630024457
24.8118784029374;24.7267471342224;25.379296815720416;25.08207764711979
25.453881258421358;24.457269993721845;25.286830926707125;24.802017821149676
24.812901805706307;24.732635541825747;25.390894807550723;25.063567844917227
24.8437773862347;24.68584817763346;25.373467523961512;25.096906912170326
24.801852890698335;24.70132135101059;25.368754501239522;25.128071257051555
24.819931602864713;24.739322023170136;25.344359284157147;25.096387089808008
24.82821558943526;24.737140233834122;25.379665760849445;25.054978415881173
24.835127618493686;24.750643752335268;25.350681668841652;25.063546960329397
24.82863331706131;24.745850169928186;25.350018654049972;25.07549785896053
24.79913502619065;24.739930508172115;25.376903939619787;25.084030526017447
24.76806846824169;24.704310067865435;25.399525041318753;25.128096422574114
24.838250360635914;24.707432365603637;25.377011489962847;25.077305783797605
24.816934609400782;24.707557399462544;25.390976380180096;25.084531610956578
24.805266959275514;24.728781228586776;25.39585532529585;25.070096486841862
24.78919238250227;24.712653287186946;25.38998712582693;25.108167204483856
24.92577051191801;24.67427510726407;25.37331041887061;25.026643961947308
24.814282536912522;24.696744170131225;25.426782323050865;25.06219096990539
24.801541821542592;24.704169409659123;25.444823216810402;25.049465551987883
24.73174428424926;24.63333986849249;25.34743168245159;25.287484164806664
25.060696737188827;24.72903398841985;25.302957793636356;24.90731148075497
24.58271552443041;24.930399130516065;25.685699151959913;24.801186193093613
25.040358483186736;24.70438451232806;25.15976966539905;25.095487339086155
24.717050743088194;24.597931628937342;25.284024637803444;25.400992990171016
24.759082444056872;24.640286440627865;25.496430577315323;25.104200537999944
25.20525032705223;24.376414341468035;25.321677276884785;25.096658054594943
24.80927170423352;24.712106490119073;25.40297702393663;25.07564478171077
24.67979904470535;24.612407752398855;25.270996080227025;25.436797122668768
24.888044983809866;24.57965271471422;25.27440674390233;25.25789555757359
24.852798967536256;24.491765699463112;25.5629833961257;25.092451936874934
24.787863895699523;24.37982361898544;25.955128124646887;24.877184360668146
24.84799498142161;24.683322877961686;25.437316025671958;25.03136611494475
24.811914311735556;24.72162274303698;25.418120421812983;25.048342523414487
24.80232370501856;24.70456265245789;25.395470091227985;25.09764355129557
24.898978642955402;24.653207399266837;25.372076759324013;25.075737198453744
24.799952636184845;24.701154678009313;25.392185340529178;25.106707345276664
24.784045376489566;24.71788371902854;25.40180197592905;25.096268928552846
24.825065970883863;24.706651940581732;25.377108844545916;25.091173243988496
25.094643775284847;24.748638209187902;25.256942525749142;24.899775489778104
24.782672348642222;24.71619798281954;25.412002579838482;25.089127088699755
