24.87578965604717;26.94513707995867;25.52978882694699;22.649284437047164
24.88515728214514;26.931461450420674;25.50313490751114;22.68024635992305
25.0564261628182;26.86240125421507;25.435528885465025;22.645643697501704
24.858882358842756;26.992676139633858;25.44262624022473;22.70581526129865
24.869752947425052;26.942705047793066;25.538907385794264;22.64863461898762
24.858880512764486;26.933935954274414;25.536445724822272;22.67073780813883
24.853502882493892;26.931961066382552;25.554877378084417;22.659658673039136
24.623241375857408;27.62062117191542;25.297961772201997;22.458175680025178
24.842310693465354;26.880450201925854;25.644166038694237;22.633073065914548
24.975906200418326;26.875633908919124;25.464936682757255;22.68352320790529
24.850804952239297;26.821784813701765;25.505495376325076;22.82191485773386
25.064784864771255;26.831757262398803;25.470708170211537;22.6327497026184
24.875678563291984;26.89624561045164;25.56720427995695;22.660871546299425
24.89187570696653;26.885798567214497;25.5308423915783;22.69148333424067
24.946325158051437;26.874372200785317;25.51821971539061;22.66108292577263
24.93562145963461;26.859799258897144;25.474093203043648;22.7304860784246
24.8823284294104;26.876330412327754;25.532216248837653;22.709124909424194
24.903718227014913;26.86951399844302;25.569555600406957;22.65721217413511
24.86509143409071;26.893427801390292;25.539988620095457;22.701492144423543
24.84046251478019;26.91389625745652;25.529983304474136;22.71565792328915
24.874195012531164;25.33926233875583;25.551732984258752;24.234809664454254
24.851283700250033;25.387383092079368;25.538732765263866;24.222600442406737
24.869485388999905;25.38398578349322;25.514316051822412;24.232212775684463
24.878403320359197;25.35388793787715;25.526408905295167;24.241299836468485
24.88883934904647;25.35232961108972;25.504529517864743;24.254301521999068
24.963580235301986;25.707442172519958;25.297367117498414;24.031610474679642
24.88362943717548;25.361381722712807;25.525761229028955;24.229227611082763
24.84704561380503;25.381412712527712;25.532215697443316;24.239325976223945
24.864990914080472;25.36436101386918;25.5233290581641;24.247319013886244
24.82689226308561;25.305521644030726;25.64633246858945;24.221253624294217
24.488133514137722;24.841277066752276;26.36310057164214;24.30748884746786
25.013560596313035;25.352260141433863;25.486856943908325;24.147322318344774
24.7290209058942;25.219808871550192;25.895200037924525;24.155970184631087
24.82544014145788;25.317444847438512;25.53272953838228;24.324385472721325
24.670967463536723;25.416235148586058;25.340180086878973;24.572617300998246
24.800375484208274;25.29745637174521;25.421627573532323;24.480540570514194
24.866551425746685;25.302712957615046;25.526137832799268;24.304597783839004
24.867984092493135;25.346029273092537;25.54446312164323;24.241523512771103
24.761413882739213;25.281910068811015;25.420911974253197;24.535764074196578
24.868259265764976;25.155997758316396;25.287111155721732;24.6886318201969
24.77466745186537;25.197011449815466;25.43099766688095;24.597323431438216
25.192130089238713;25.229472272973187;25.4130865227505;24.165311115037607
24.875443991513503;25.371624727986024;25.4720868537646;24.280844426735868
24.709439032583138;25.579922261144965;25.58056208711231;24.13007661915959
24.87874034979259;25.3343942360165;25.550390969352126;24.236474444838784
24.87611405074295;25.343051036397092;25.53794647388752;24.242888438972443
24.875528608549445;25.348346665307993;25.53156366230193;24.244561063840628
24.875307875443568;25.331107446987854;25.540812256629348;24.25277242093923
24.874269679675745;25.35685721644593;25.533760793829387;24.235112310048937
24.876125878129887;25.346664024018732;25.521984139218606;24.255225958632774
24.95497779156609;25.230407772573532;25.6369318310797;24.177682604780678
25.181868377673617;25.26328092568485;25.42207569754835;24.132774999093176
24.87478961386996;25.354388287007534;25.538425086197037;24.232397012925468
24.86318979755155;25.347090974102265;25.575249868042434;24.21446936030376
24.85586100262638;25.351110313859376;25.55427951949118;24.238749164023062
24.850491345242993;25.3563488949915;25.530018148357236;24.26314161140827
24.8754745833224;25.348090235483276;25.547106025568468;24.22932915562585
24.826131001432945;25.38846052233309;25.49921179387316;24.286196682360806
24.857128578924637;25.350619496193072;25.56764841315452;24.22460351172777
24.84789903774591;25.354179973734436;25.567658314067526;24.230262674452124
24.694103770233205;25.63097758892663;25.35279321272756;24.32212542811261
24.882348381667384;25.369195392116694;25.497643276602183;24.250812949613735
24.8925237026851;25.335637258449733;25.51024100745459;24.261598031410582
24.878361459512547;25.33174147405669;25.55908746729441;24.230809599136347
24.86876504632025;25.337141043947327;25.549945160689525;24.2441487490429
24.8939016222988;25.351690624170754;25.532026275933404;24.22238147759704
24.863976422579913;25.342757824054583;25.5378868845203;24.255378868845202
24.900483366505544;25.39418926254297;25.47028071445188;24.2350466564996
24.875614812406;25.358115523759196;25.527214340880448;24.23905532295435
24.873171287453843;25.34463231401248;25.52021552504071;24.261980873492966
24.912071173008506;25.374277381078898;25.481563201638302;24.232088244274294
24.88883008827442;25.337919781261714;25.519466678426788;24.253783452037073
24.83229695151385;25.321416010354802;25.496416686720313;24.34987035141104
24.874457677820512;25.371702180726928;25.501970708644905;24.251869432807652
24.782558478210653;25.46652003173742;25.533309228961404;24.217612261090522
24.802758715731382;25.32205375236079;25.495882911184264;24.37930462072357
24.843339397614717;25.375379017586415;25.53062462098241;24.250656963816457
24.69716882364734;25.696656494330966;25.018265653888133;24.587909028133563
23.995085341912965;26.549037517722763;24.63191187697677;24.8239652633875
23.730367904317134;26.846585800670976;24.465046264186228;24.958000030825666
23.860465324444863;26.286556970579877;24.514233414117275;25.33874429085799
23.846788447129406;26.243933385373293;24.502335271343124;25.406942896154177
23.8431782027653;26.22549878413702;24.515932360175757;25.415390652921925
23.91411415225475;26.1754267126719;24.572863967034287;25.337595168039062
23.856629168050603;26.217260916237045;24.51297529134836;25.41313462436399
23.830375153941567;26.146009437335298;24.45210044714783;25.571514961575303
23.854512276984067;26.209162090602117;24.50461342017951;25.43171221223431
23.858155927173105;26.20093982459144;24.521169834294085;25.419734413941363
23.86153877133671;26.09248200545486;24.660973148581135;25.3850060746273
24.01900912447245;26.007991155959648;24.650792510377144;25.322207209190754
23.8283891675835;26.120032703158273;24.669688007832608;25.381890121425617
23.89790463906338;26.083595330964503;24.636458908229518;25.3820411217426
23.834624744748105;26.201236398220928;24.620996391507454;25.34314246552351
23.843614762110963;26.12397352092371;24.67854059113786;25.35387112582747
23.886808650363665;26.13386186556846;24.651716641842267;25.327612842225612
23.90760053610305;26.050893989873114;24.709741368315775;25.331764105708064
23.782542337789877;26.355881118893933;24.569384872175878;25.292191671140312
23.837659716741868;26.11264058989018;24.659120345548413;25.390579347819536
23.858706231666467;26.122834377873794;24.644069389408113;25.374390001051626
23.868801569110875;26.138747032027283;24.632769912398796;25.35968148646305
23.862932662051605;26.1334172435494;24.61019509125236;25.39345500314663
23.878360433279045;26.123471640135293;24.62698353534575;25.371184391239908
24.064129868126063;25.94977989840026;24.318012329430026;25.668077904043653
23.992106321910125;26.530580135891736;23.232744379238188;26.24456916295995
23.95116141483087;26.622247597985897;23.114622381940265;26.311968605242964
24.022662752979848;26.591260718055494;23.114851284720718;26.27122524424394
23.95891412641104;26.60344591197843;23.1244001645263;26.313239797084226
24.015098008640535;26.58677380198922;23.116953002938274;26.28117518643197
23.976698122208127;26.562061683619053;23.11932458160143;26.34191561257139
23.967069424106455;26.63837184717665;23.098648165404622;26.29591056331227
23.91958453719671;26.680128101980337;23.112468013664593;26.287819347158358
23.894383267244955;26.53550992883989;23.038988599932285;26.531118203982867
23.97389715478987;26.612894805533806;23.11850691725398;26.294701122422342
24.08927930925981;26.516918240052416;23.15657804947214;26.23722440121563
23.511382234786492;26.577655267464902;23.598775244911863;26.31218725283675
23.002009090415456;26.977388949044485;23.828323383704326;26.192278576835733
22.84789440603394;27.1475487115022;23.760842237586424;26.243714644877436
22.864214175654855;27.156779661016948;23.76656394453005;26.21244221879815
22.89973922790552;27.106165411204874;23.7651076483468;26.228987712542807
22.867492712329486;27.13448137449085;23.739052043508874;26.258973869670786
22.95158560882175;27.11270481295001;23.70654698708684;26.22916259114141
23.07118688304546;27.284731996656753;23.589451999888144;26.05462912040964
22.88494843419161;27.137343533195903;23.742195972143136;26.23551206046935
22.86515655580961;27.16160032332788;23.736719793728785;26.23652332713372
22.912360833571224;27.227138643067843;23.666952136264154;26.193548387096776
23.122938554856564;27.373738998922015;23.40128392837031;26.102038517851113
23.033437951568814;27.637806146398034;23.31139725170043;26.017358650332724
22.842406206112486;28.226568247174484;22.140623955059187;26.79040159165385
22.139287531153947;28.391024243434693;22.163227441977778;27.306460783433582
22.121606004617828;28.38210243312919;22.153801058592595;27.342490503660382
22.167903272153904;28.22886657186434;22.40957552626344;27.193654629718317
22.028005567442598;28.64668468972862;22.359428926035623;26.96588081679316
22.778319452112726;28.06669251040602;22.174907295374364;26.980080742106892
21.863696860565256;27.9495811477335;22.722148281531354;27.464573710169887
22.07626325115205;28.360306487162205;22.359093215442165;27.20433704624358
22.150141442900768;28.28858015403014;22.119785519701257;27.441492883367836
22.051356238698013;27.76383363471971;22.517179023508138;27.667631103074143
22.195169916133985;28.2754996023369;22.19447378817174;27.334856693357374
22.13545629649598;28.364776319279283;22.183501236994168;27.316266147230568
22.15161938755439;28.36338951176101;22.167690927495766;27.317300173188837
23.457217631037445;27.093169604506983;22.174978523910045;27.274634240545524
23.529768641619402;27.005479045110597;22.233124059890837;27.231628253379164
23.403415161166823;27.014610347308942;22.14162155011195;27.44035294141229
23.355774827990953;27.00995314483114;22.101850349743778;27.532421677434133
23.396337062432334;27.097618188379645;22.162576687116562;27.34346806207145
23.606459075887653;26.865531383617824;22.674784141836547;26.853225398657976
23.77562006881887;26.685338833610885;22.572638735263173;26.966402362307072
23.81745017117264;26.636293175688625;22.628536781382365;26.917719871756375
23.786170989099077;26.682118779610775;22.58718281261225;26.9445274186779
23.45682884752265;27.48404531251885;22.225090781870165;26.834035058088336
23.791112785643303;26.690975479622825;22.55358854215396;26.964323192579915
23.596953543041526;27.030509873802583;22.399663742027716;26.972872841128176
23.65333830733436;26.896419700970913;22.443379833698202;27.006862157996526
23.45954499137796;27.051163975544757;22.480257485499294;27.009033547577992
23.707243187772278;26.80339636977211;22.366999363550697;27.12236107890491
23.445061021983268;27.62747200809948;22.37096855454552;26.55649841537173
23.59230324074074;27.202546296296298;22.418113425925927;26.787037037037038
23.65852237980139;27.196773348088183;21.96569498238155;27.179009289728878
23.408018254515948;27.443847596985787;21.97824300284013;27.169891145658138
23.421940752468647;27.42359693346111;22.002729052956127;27.15173326111412
23.467469410407578;27.382879126435043;22.042812353807754;27.10683910934962
23.401085421158278;27.462939558397142;21.987361534458405;27.14861348598617
23.411186522774123;27.469830412362;21.962219347521753;27.156763717342123
23.377480610442554;27.553340382229447;21.99469499263533;27.07448401469267
23.407406129408855;27.54150779547167;21.899495637871443;27.151590437248036
23.454317897371716;27.450592310155137;21.992024914864512;27.10306487760864
23.411171239446293;27.46065672772916;21.995227889021777;27.132944143802767
23.156254124271772;27.935067465230425;21.681885884149597;27.226792526348202
23.389176343687325;27.467850942982825;22.012202315743345;27.130770397586502
23.420520764180868;27.474810061222982;21.977428634653684;27.127240539942466
23.390514451246045;27.521144893932803;21.947476023865864;27.140864630955292
23.3786647214117;27.286543004029458;21.98601269047288;27.348779584085964
23.367086113059255;27.002127178619244;21.662445154148;27.968341554173502
23.826417841111844;27.357594515343486;21.85932696376209;26.95666067978258
23.81832585159757;27.294154466058345;21.863294506547742;27.02422517579634
23.407836256444046;27.142853617426628;22.510790461454178;26.938519664675155
23.440265074893585;27.430287536764247;21.9607599806406;27.16868740770157
23.45842360892888;27.42393419667124;21.968256068449577;27.149386125950304
23.44279189302663;27.4438606089136;21.967709512843676;27.145637985216098
23.452791484875622;27.444679423264596;21.97348338107002;27.12904571078976
23.463839922372348;27.49724333622477;21.941867474307895;27.09704926709499
23.499669940358654;27.463844776842212;21.971018169134666;27.06546711366447
23.447232803047278;27.471431772350435;21.975688998431547;27.105646426170736
23.467301839777317;27.43260444288138;21.975617505360272;27.12447621198103
23.46486066234424;27.442777765889915;21.977688856553897;27.114672715211945
23.605549334801008;27.820148195544377;21.748902631785857;26.825399837868762
23.51257667405009;27.418693559379793;21.977764525472825;27.090965241097294
23.505051934118534;27.44756481448732;21.94054398189085;27.106839269503297
23.46643024194261;27.45904295114609;21.940666034367986;27.13386077254331
23.38311281025059;27.472596397957048;21.963501687524268;27.180789104268094
23.91477452369521;27.26735131210698;21.84824993852243;26.969624225675375
23.514059776887855;27.381839587761604;22.013402967675706;27.09069766767484
23.478600662238037;27.46436871439442;21.919153487032887;27.137877136334655
23.632286414248124;27.306570573061816;21.823272453886737;27.237870558803323
23.476447804085712;27.43278982111993;21.993502842506405;27.09725953228796
23.44892915765273;27.447071134620554;21.952855275141374;27.15114443258534
22.705239806311738;27.428342645914594;21.86622617611732;28.000191371656346
22.906607858508742;26.87359420905714;21.946090893771657;28.273707038662454
23.796981737894278;26.77756562290108;21.59016653045474;27.8352861087499
23.82693122931786;26.49275215600423;21.630590900175264;28.04972571450265
24.57303517719367;25.610229968801956;22.717965962375537;27.09876889162884
24.4347647051254;25.43848361235861;22.666031835904825;27.460719846611166
24.560799388938282;25.807340253690786;22.679248945042012;26.95261141232892
24.480404656496862;25.81110691106655;22.759044867154014;26.94944356528257
24.79248076800502;25.51052427717607;22.94674857935741;26.750246375461494
24.48663957901271;25.729744219184266;22.794719318294042;26.98889688350898
24.556100804841414;25.70429889240321;22.806067805842243;26.93353249691313
24.47917373148211;25.720320508472934;22.78516824757051;27.015337512474446
24.482913150919963;25.728479788991176;22.774356282249908;27.01425077783895
24.482859440099407;25.715364722016282;22.79751897835371;27.004256859530596
24.459565285488054;25.726641491046415;22.789099072446618;27.02469415101892
24.472722804238895;25.72554863550629;22.791950550147167;27.00977801010765
24.523932463008226;25.658782623340993;22.828416240257596;26.988868673393178
24.453862039632472;25.74522273409756;22.80925611816292;26.991659108107047
24.47257383966245;25.72824348783674;22.808240441895748;26.990942230605068
24.463912073762387;25.709916994320665;22.815065185900533;27.01110574601642
24.469003713685318;25.771154682920084;22.803242138354175;26.956599465040426
24.517776115681876;25.686761406133137;22.819645973572676;26.975816504612315
24.50924736908043;25.718217551991984;22.78016161363067;26.99237346529692
24.500668556564477;25.77061313207799;22.768262232707748;26.960456078649784
24.30006430661966;26.03901505772454;22.62559830985815;27.035322325797644
24.484055270135414;25.76640333659497;22.785994549242595;26.963546844027025
24.521622582040663;25.713027624992275;22.791004882269327;26.974344910697734
24.47873167492571;25.748417790040897;22.75165335527496;27.02119717975844
24.448737949962155;25.78213050406125;22.76538768319111;27.003743862785484
24.470173220480522;25.76786348399886;22.784990419998206;26.976972875522414
24.479247902174254;25.732289359578253;22.786949808154226;27.00151293009327
24.45936084575582;25.708810438816453;22.852896122447714;26.97893259298001
24.453294795097577;25.745371303951664;22.77938353760092;27.021950363349838
24.417633392644852;25.695809602250215;22.775040987109456;27.11151601799548
24.52940505390451;25.846833228756676;22.659859677143345;26.963902040195464
24.415070982825227;25.750175261167875;22.86571300511746;26.96904075088944
24.310225013041865;25.52451388982465;23.14560109031899;27.019660006814494
25.110758231638787;25.30556703622332;22.420414802568768;27.163259929569122
24.37022311555256;25.828885934457833;22.92038158367306;26.880509366316545
24.318804243008678;25.684088717454195;23.225843780135005;26.771263259402122
24.440304726794977;25.763924975243395;22.790583667506596;27.00518663045503
24.421323936934787;25.689747621987213;22.756827634063146;27.132100807014858
24.180206105055856;26.06872432175478;22.71781942888187;27.03325014430749
24.47388946165225;25.75660047514456;22.747590658478643;27.02191940472455
24.457786616824475;25.772471309674255;22.792029125532896;26.977712947968378
24.462388622344072;25.73933734189046;22.79951243068104;26.998761605084432
24.46092243808394;25.733353106925698;22.797244280263705;27.00848017472665
24.522398561488544;25.729340942850442;22.744429677116724;27.003830818544287
24.569053621312257;25.737824763511213;22.783763527784785;26.909358087391745
24.45431787292116;25.74369336306525;22.80603829612657;26.995950467887013
24.45825151480036;25.76089251386219;22.787327903281366;26.99352806805609
24.45885217084311;25.741940703584117;22.814262913629644;26.98494421194313
24.464229357340997;25.704366892015347;22.846369782236767;26.985033968406892
24.483508290494672;25.717293035232647;22.811625801560677;26.987572872712008
24.472659750900146;25.738345958870855;22.78252576880039;27.006468521428605
24.527559799565093;25.685165926065995;22.811761369008227;26.975512905360688
24.797939814601726;25.257062901013523;22.958225552558662;26.986771731826092
24.51996431249838;25.69564767643332;22.795068401044766;26.989319610023532
24.5525966661068;25.677545004538672;22.865834671658888;26.904023657695642
24.84291946598245;25.53219822719378;22.80040362663786;26.82447868018591
24.288801371188846;25.303467038323603;24.71201866731425;25.695712923173303
24.407265893363867;25.199756061134064;24.471673221486533;25.921304824015536
24.602110124421188;25.35514695948021;23.962808750015352;26.07993416608325
24.956656551418234;25.506633200335234;23.091555438030063;26.44515481021647
25.393939231163838;25.07379226436834;24.30914594350695;25.22312256096087
25.07685341557138;25.055804390924447;24.313581516019287;25.553760677484888
25.079818626878726;25.03627277123972;24.30989083887848;25.57401776300307
25.07690799343669;25.0482351395998;24.301446036764148;25.57341083019936
25.19762629069529;24.93729341562582;24.234540907362447;25.630539386316435
25.112276146521147;24.999534123873357;24.32960425375962;25.558585475845874
25.091538377210153;25.01683554414045;24.35046121560459;25.541164863044806
25.066517067444494;25.042682798305332;24.31338659022406;25.57741354402611
25.04649076472906;25.04397548440107;24.332318836934377;25.577214913935492
25.094470626547626;25.006298041769842;24.404451025812754;25.494780305869774
25.28427756325284;25.027808195493055;24.223099533168117;25.464814708085985
25.05848252344416;25.06069906223359;24.321398124467176;25.559420289855073
25.051888030830654;25.039339135546236;24.331647488322098;25.577125345301017
25.06630693250412;25.057446954454;24.298918511066397;25.57732760197549
24.957428073144907;25.252433538112584;24.407847625051822;25.382290763690683
25.05167068549776;25.036639213352956;24.34722700654495;25.564463094604328
25.032381343216592;25.06588481218821;24.326564243302514;25.575169601292693
24.911153096124757;25.1802756835896;24.211616618775402;25.696954601510246
25.013024637822312;25.044562039789685;24.354604074199468;25.58780924818853
25.092489610915404;24.929925062086316;24.49652301110496;25.481062315893322
25.03342574853419;25.03660915315649;24.35941216986647;25.57055292844285
25.026705649837478;25.046632801398168;24.34232232984336;25.58433921892099
25.00661728890065;25.06660360011841;24.34802084328537;25.578758267695573
25.052131588219172;25.039604347996292;24.372006837785285;25.536257225999243
25.12510509448421;24.99945707646535;24.391848080687744;25.483589748362697
25.213194046082084;24.923668631472864;24.392587352265885;25.470549970179167
25.058656192501928;25.013505930865293;24.366265186016467;25.561572690616313
25.004777075051766;25.135872544505112;24.30450486008652;25.554845520356608
24.954868991128535;24.990651433876625;24.303854188157622;25.750625386837218
25.037791438683023;24.98562443312842;24.318123884782057;25.658460243406505
25.063523630169925;25.012642676089985;24.360497764650766;25.563335929089327
24.91548015955208;25.228170162157827;24.409029257895757;25.447320420394338
25.03368701991928;25.097318057544594;24.346764744173935;25.522230178362193
25.03483889555221;25.032333626658566;24.341818887848508;25.591008589940717
25.030172171503583;25.041083751335012;24.332988351061896;25.595755726099505
25.066787714314536;25.012609129986302;24.372390723585095;25.54821243211407
25.036939065317853;25.04508562675011;24.341925559596888;25.576049748335144
25.02492590870167;25.049294094833428;24.33386474283841;25.591915253626485
25.01391241977171;25.041737259315138;24.35539121724398;25.58895910366917
25.086758292701173;25.001174172382424;24.350073842396494;25.561993692519913
25.089841996651923;24.983838321105033;24.359672870681162;25.56664681156188
25.01792513905035;25.046640167626155;24.35730545133064;25.57812924199286
25.04235417169019;25.02544381848302;24.347777071439978;25.584424938386814
25.030346221014465;25.033322108494595;24.35309688080004;25.583234789690902
25.269313682975756;24.959053089034963;24.264437490835693;25.507195737153587
25.117327530877727;25.055024185595094;24.367182730389317;25.46046555313787
25.159003105825317;24.69237179001591;24.958412241496855;25.19021286266192
24.891071570961532;24.939626596193058;24.438982992926057;25.730318839919352
24.968749270816318;24.987083031937413;24.50857186667689;25.53559583056938
24.76288870181883;26.08096732226219;24.01086706971761;25.145276906201374
25.0476552933779;25.014892279180597;24.347221762583978;25.590230664857533
25.055298493180967;24.993287037380448;24.373024126610186;25.578390342828406
25.02649250349997;25.019279884746048;24.35349969207666;25.60072791967732
25.15812047657216;24.9415397565122;24.408363420556725;25.491976346358914
25.088810612306077;24.952859177096606;24.397361912613356;25.560968297983962
25.11463591223485;24.888188264774296;24.488952333026955;25.5082234899639
24.98206358001413;25.018276769511218;24.308579939254415;25.691079711220233
25.02993468280586;24.99853400447554;24.300152652695257;25.671378660023343
25.102666041852473;25.014234678195496;24.311570651872678;25.571528628079353
25.28490474698864;24.89933650368767;24.35415895435259;25.461599794971097
25.026463643025814;25.050891621203487;24.73082247123449;25.191822264536214
25.102050034157823;25.02173679842366;24.7263139471203;25.149899220298217
25.02995610675498;25.03853769701901;24.751054423174107;25.1804517730519
25.097659719531773;25.0073170772971;24.7997320173309;25.095291185840228
25.0414792125331;25.029248162683597;24.75910149644236;25.17017112834094
25.058566712810137;25.01706890827889;24.775442069064873;25.1489223098461
24.993598707923816;25.061715021042197;24.703406800470084;25.241279470563903
25.050974108570106;25.22126749921213;24.716272606115375;25.011485786102387
25.04441867792011;25.057063802153102;24.7220751720487;25.176442347878087
25.128396505109762;24.936323684457758;24.88621773124419;25.049062079188282
25.059805887177617;25.03317802788663;24.73813565114372;25.168880433792033
25.15539736298869;24.809239314814068;24.760794438470697;25.274568883726545
25.062531265632813;25.036029919721763;24.74153743538436;25.159901379261058
24.963914071790473;24.847644548972248;25.046547536754677;25.141893842482606
25.38896433632499;25.082848665564477;24.576346244685876;24.95184075342466
25.228139669654226;24.89718877932185;24.64839377104808;25.22627777997584
24.967793578727502;24.801445849436544;25.2376396132728;24.993120958563157
25.054915863788224;25.01353739898035;24.80511253920737;25.12643419802405
25.019634514642895;25.02719144124085;24.764858132197634;25.188315911918625
24.999308768166664;25.03598043595628;24.71452125283223;25.250189543044826
24.956367002182503;25.051488645174068;24.584931502170548;25.407212850472877
25.072665788998165;25.024910297116598;24.73811920803325;25.164304705851986
25.053324030698693;25.031823553701354;24.7311016502684;25.183750765331546
25.031918548926708;25.042407363871455;24.731721431542397;25.19395265565944
24.825597064433204;25.340254167012187;24.85643502778008;24.977713740774526
24.978863157894736;25.09103157894737;24.6464;25.283705263157895
25.059242726809977;24.977485414464155;24.78123654019343;25.182035318532442
24.87580273839816;25.506498025581998;24.58313527015817;25.03456396586168
25.038887324864856;25.046707445038773;24.75778955061324;25.156615679483135
25.003283368118574;25.073381299517543;24.75580444101251;25.16753089135137
25.175812288105647;25.004756580842844;24.695080517588476;25.124350613463026
25.04793788316974;25.025635555727945;24.751219961552724;25.175206599549586
25.045975304693478;25.047933436570396;24.73316373735577;25.172927521380352
25.032693131027408;25.054849494984833;24.762485444268414;25.149971929719346
25.043349796866295;24.992644619304276;24.817680457222984;25.146325126606445
25.07496219854945;24.97159552020776;24.75930940807627;25.194132873166524
25.057143043200792;25.051119417564244;24.748961331579427;25.142776207655537
25.035454354395192;25.053645131494594;24.728683676515;25.182216837595217
25.080976951402462;25.18809383097695;24.697686048097466;25.033243169523118
25.053975243355048;25.05837322614694;24.725325983815424;25.16232554668259
25.028480222237114;25.03579065361349;24.757080457389325;25.17864866676008
25.045108437779405;25.043817319703432;24.750087957418927;25.160986285098236
25.126401663254306;25.26150775735545;24.61446451507574;24.9976260643145
25.048281219897657;25.032148322413605;24.739719976756096;25.179850480932636
25.100075428235197;25.014318845478535;24.755797176292376;25.1298085499939
25.07662886257238;25.04123157500701;24.735029375049926;25.147110187370686
25.04575452497027;25.029407899586847;24.74414326054277;25.18069431490011
25.028857775303177;25.038873120849576;24.73043442834445;25.201834675502806
25.01276289208701;25.041890474027905;24.772538641026042;25.172807992859042
25.027458762082684;25.053175427477342;24.731634153058955;25.18773165738101
25.038704445482026;25.060985099812417;24.74168366385701;25.158626790848547
25.056609530105145;25.046598581623396;24.73578246685661;25.16100942141485
24.953362622507605;24.95606623859412;25.000168976005405;25.09040216289287
25.320142525508828;24.879339199913623;24.77487448037575;25.0256437942018
25.029274084587776;24.953120521883914;24.692724468767484;25.32488092476083
25.03070868755794;25.042966625211005;24.75745882737504;25.16886585985602
25.006179626835774;25.157047757860912;24.717868071359774;25.118904543943536
25.067725928062863;25.056630312879278;24.723932559143897;25.15171119991397
25.05409420972231;25.05409420972231;24.70755644840647;25.18425513214891
25.14968954646467;24.953856489992397;24.621438643897616;25.275015319645323
24.842520462466556;25.722974240494455;24.542865041517334;24.891640255521658
25.067505763833196;25.032734813552526;24.741254009623095;25.15850541299118
25.04642394913061;25.05039605173002;24.739082510501245;25.16409748863813
25.06163242642976;25.037941884138444;24.763279659448454;25.13714602998334
25.159812457651288;24.964531534690064;24.805400289560737;25.07025571809791
25.06694670517196;25.01716986085587;24.779417169860857;25.136466264111316
25.068745044452317;25.027244968537545;24.787185586315097;25.11682440069504
25.05109225096295;25.044791329932664;24.729745278418523;25.17437114068587
25.05595434063154;25.056110965797764;24.729704119398495;25.158230574172197
25.069074028971578;25.022298854653403;24.757938472903465;25.150688643471558
25.044360438203984;25.059468703389392;24.720336367844467;25.175834490562153
25.27324015647422;24.938078669575987;24.88230032828134;24.906380845668455
25.419722287223706;24.96400680598578;24.60784274841253;25.00842815837799
25.113065241194516;25.10116363685825;24.685797645522616;25.09997347642462
25.00874814767482;25.222659376036464;24.743108741757723;25.025483734530994
25.057206983559162;25.04436380039187;24.759777656307023;25.138651559741948
25.04683085135042;25.036806856412536;24.75237600005012;25.163986292186923
25.062909883149565;25.025814506506915;24.740401571293717;25.170874039049806
25.12885323553617;25.292276851338148;24.57622999317811;25.002639919947573
25.06604888574242;25.031754979607634;24.731793689038167;25.170402445611778
25.019843969701093;25.052728262348616;24.741744908604346;25.185682859345942
25.066659575222495;25.02854306279474;24.757649895401197;25.147147466581572
25.075401647613077;25.0338630153951;24.72761235426003;25.163122982731796
24.941426117698068;24.93037837477279;24.69879266930145;25.429402838227695
25.060988686933676;25.036358640287382;24.750683609457937;25.151969063321
25.05657425760175;25.03239798412543;24.749748904512607;25.161278853760212
25.057832184274197;24.997155794216024;24.792372977769688;25.152639043740095
25.055027379250365;25.02183478991316;24.773910253914035;25.149227576922435
25.045054462587025;25.03271936610148;24.76009282682779;25.1621333444837
25.05811121843791;25.02325263190473;24.759369874036704;25.159266275620656
25.0156526650404;25.05503978656639;24.76223741144865;25.167070136944563
25.037972821389825;25.079899229510303;24.771519464518857;25.11060848458101
25.084347735616298;25.02489558716428;24.762562982119764;25.128193695099654
25.03184539266873;25.041686029029876;24.768517253004582;25.157951325296814
25.058534138590332;25.018555090572903;24.777755361542006;25.145155409294755
25.179094010126935;25.239495782891424;24.701571180459936;24.8798390265217
25.042699034432502;25.03377968057327;24.761264954150725;25.16225633084351
25.055078881815668;25.02149644801181;24.75560476058677;25.167819909585752
25.01791424492615;25.033838018193837;24.744247536907046;25.204000199972963
25.042542812778112;25.047755936444577;24.719142962469235;25.19055828830808
25.043459908581454;25.064750172636273;24.749839397355935;25.141950521426338
25.072896494341318;25.053383796361068;24.72590181799439;25.147817891303227
25.044226924497725;25.07541317136286;24.725310423817383;25.155049480322035
25.040681816750197;25.051810262106383;24.736644290792576;25.170863630350844
24.992836996540227;25.035566589433206;24.777367227727197;25.194229186299367
25.050344808279128;25.034107557786882;24.75826093448176;25.157286699452225
25.03635276611074;25.028997342617515;24.780421748667063;25.15422814260469
25.018012227941274;25.048202388912244;24.776676155884953;25.157109227261532
25.021365774630095;25.02972629513752;24.752528592980134;25.19637933725225
25.069912879309324;25.080139235776517;24.76076225687821;25.08918562803595
25.058903446257986;24.994738472120748;24.816616503915775;25.129741577705495
25.038237937168745;25.004676582243658;24.82990078309828;25.12718469748932
24.961775213747725;24.954422480510544;24.712536410169395;25.371265895572336
24.8284071803377;25.254430732602724;24.932020315888575;24.985141771171005
24.81858190529783;25.221101870911333;25.084179095723137;24.8761371280677
25.275943931106088;24.981326320213558;24.571857776261226;25.17087197241913
24.985191582862605;24.861264158997727;24.685548639445653;25.46799561869401
24.98577267318537;24.958796183381004;24.86733479671552;25.18809634671811
25.423046297764103;24.71224470087479;24.676531521436107;25.188177479925
25.03597946353188;25.025079394990772;24.791189788667996;25.147751352809355
24.91529148040025;25.280530612320266;24.644962820576737;25.159215086702748
24.910279180366366;24.93027829967121;24.8262461836543;25.333196336308127
24.812654140987927;24.80899772022165;25.22893764522846;25.14941049356196
24.838377532862637;25.025292750129154;25.356609838700418;24.77971987830779
25.096726190476193;24.953949485199487;24.84998391248391;25.09934041184041
25.036278788131877;25.010700937506524;24.81677907001023;25.136241204351368
25.045477264501407;25.003956247816227;24.77065513897006;25.179911348712302
25.04315612294307;25.052225441744998;24.757242004780608;25.147376430531327
25.032149432412176;25.00402446132354;24.76866286116071;25.195163245103576
25.02713694118347;25.02267607413961;24.76227296045441;25.187914024222508
25.01969186174738;25.048233477832987;24.75317988816876;25.178894772250874
24.883752847849358;25.49019607843137;24.632867612747386;24.99318346097188
25.01627375523085;25.02003304215348;24.776668678214932;25.18702452440074
