24.744669524147533;23.832072947664418;25.344604002293263;26.078653525894786
25.10746758573083;24.99327106971882;25.409150919076;24.490110425474345
24.95793806270576;25.13408152156511;25.079975898073304;24.828004517655824
25.031298807894377;24.92361968046584;25.144479788549184;24.900601723090602
24.913792403995163;24.93293325632736;25.118477819108247;25.034796520569223
24.92793848341004;25.092505301077082;25.16385147345847;24.815704742054407
25.093797393001527;24.96636796818547;25.09869704088274;24.841137597930267
24.891216237430463;24.919723363141536;25.247644505082047;24.941415894345955
25.05315573003707;24.875256463514795;25.17793890539628;24.893648901051858
25.093730828980743;24.963249517797898;25.006497758843178;24.936521894378185
24.921010285077134;24.95483696576594;25.117327899562785;25.00682484959414
25.00172977602027;24.95847631909459;24.985029739468562;25.054764165416575
25.107561937847155;24.993571779624332;24.967967391292557;24.93089889123596
24.954491756789345;25.117317322342892;24.998573707379524;24.92961721348824
24.955497515233198;24.964158232011297;25.122914180885868;24.957430071869634
24.94246241899693;24.980282117115493;25.13122655076551;24.946028913122063
24.936576871179437;25.127002133481803;24.978204889806786;24.958216105531978
25.001528376108723;24.958178071934086;25.022573651981535;25.017719899975653
25.102534733161168;24.963397421044053;24.983060114482196;24.951007731312583
24.961218068552036;25.00570486485603;24.9755266872463;25.05755037934564
25.09943279737087;24.97190321538751;24.978719251351393;24.949944735890224
25.085254242741506;24.930851699223105;24.972863984118174;25.011030073917212
24.949295935782335;25.131258539679507;25.007114136821684;24.912331387716474
24.977774540736412;25.119086413486645;25.018696416745385;24.884442629031554
24.950269211351316;25.06541337017543;24.985866781949387;24.998450636523863
25.07345034233187;24.98097146100995;25.021192319343434;24.924385877314744
24.968830822987318;24.98871160432403;25.147097607667085;24.895359965021562
25.101429625049356;24.957349643524967;25.00711460094911;24.934106130476565
24.923590732314445;25.127497345314175;24.97447453191547;24.974437390455908
24.957577043119905;24.97087209478501;25.008105814975302;25.063445047119785
24.98274359563687;24.94594726056669;25.029713690353084;25.041595453443357
24.931420287149535;24.968127008961478;24.96334883831189;25.137103865577092
24.956855498917374;24.963204999696796;25.01510681786564;25.064832683520194
25.085317343137568;24.990337553909722;24.98577732790193;24.938567775050778
25.099674968077224;24.962831170918573;25.010417689832632;24.92707617117157
24.986313636954996;24.872300765657958;25.048991063926156;25.092394533460887
24.958172076908227;24.969909979602136;25.00769484732156;25.064223096168075
24.998443821973236;25.01685547043449;25.04074186568871;24.943958841903562
24.94259075866475;24.944933613533816;25.13901868594105;24.973456941860384
25.09653898331628;24.948250908817073;24.997442986082728;24.95776712178392
24.961382258317045;24.960560385655526;25.007366033728832;25.0706913222986
24.9269128829916;25.128240518818746;24.99301489720055;24.951831700989104
25.06842739406477;24.9356301097039;24.978061971149085;25.017880525082248
24.955320097791798;24.97466124172376;25.00326381803852;25.066754842445928
25.01437735670074;24.95205077430218;24.989068762302274;25.04450310669481
24.953102064854427;24.969918057536105;24.99159200365916;25.08538787395031
24.91839032412137;24.991971291873156;24.967046903303057;25.12259148070241
24.980276698349417;24.94737943567268;25.025783323722617;25.046560542255293
25.09398506742751;24.97065818414108;25.00261664559072;24.93274010284069
25.08823886627683;24.92049985484836;25.014404078464832;24.97685720040998
24.955273863552037;25.119447254751993;25.004500165679573;24.9207787160164
25.10456975002709;24.967233822117134;24.999888676632334;24.928307751223443
24.940346543791176;25.101436045789693;25.014850438465487;24.943366971953644
24.973335314244153;24.924108202079513;24.967311275743526;25.13524520793281
24.959027792019857;24.969605907625706;25.0145808889431;25.05678541141134
24.944204072395497;24.966909553275247;25.135265110683637;24.953621263645623
24.921665984644907;24.9697891444788;24.96616975103005;25.142375119846243
24.94483188054163;24.95775751803782;25.00803637461719;25.08937422680335
24.986090372668993;24.999912395629124;25.059327626719725;24.954669604982158
24.946526776618377;24.980389579401127;24.972102479985942;25.10098116399455
25.159959802256974;24.9357773197268;24.954734454700525;24.949528423315694
25.09606666459609;24.991365319756337;25.008615970210634;24.90395204543694
24.92735468255873;25.006257905574213;25.02367281562121;25.042714596245848
24.899791167131955;24.91496117308675;25.131379044108492;25.053868615672805
24.964165328936062;24.968462576075844;25.018390761064317;25.04898133392378
24.977042903224653;25.13123028165345;25.00352956663285;24.888197248489046
24.931997911044597;24.96638400817243;25.171697663106514;24.92992041767646
24.976006550127234;24.928564742466545;24.978111733351476;25.11731697405474
24.983106729560774;24.93787665282924;25.14839418719158;24.930622430418406
24.957408632370477;25.12417143215818;24.98385297835018;24.934566957121163
25.080767223864907;24.932962279023467;25.003941218484126;24.982329278627493
25.08220322350132;25.009262207770565;24.979767723708974;24.928766845019137
25.105502326115285;24.971434659080252;25.010259515090677;24.912803499713785
25.10856941010778;24.963116845003007;25.001919323369492;24.926394421519717
24.923222754413217;24.943081484281336;24.959581209655035;25.17411455165042
24.9685618669317;24.97154090234238;25.152889682967327;24.907007547758592
24.944129930058278;24.981762994997954;25.16492989528663;24.90917717965714
24.94833430085579;25.061553154435313;24.990618153218104;24.999494391490796
24.984408917850526;24.986727910148986;25.027393096525568;25.00147007547492
24.957940552362658;25.102536863070718;25.020961885999903;24.918560698566722
25.02185452646793;24.977922657629254;25.036040472280586;24.96418234362223
25.007190277407222;24.952492146433435;24.984448934909967;25.05586864124938
24.98923285320379;25.000450546706247;25.050139412023675;24.960177188066286
24.99243229629558;24.998365375999846;25.056001007412714;24.95320132029186
24.974970432247336;24.99489671543216;25.058292202772364;24.971840649548145
24.957949202558073;24.96101530417104;25.014750700388017;25.066284792882872
25.006987226381472;24.983881841068676;25.077415598072495;24.93171533447736
24.9764641803265;25.004648930978806;25.050264746428475;24.968622142266216
24.949955740206452;24.962995761448248;25.062993473087975;25.024055025257326
24.9911905840091;25.007934182436724;25.048423247725342;24.952451985828827
25.012295713660876;25.02667903166059;25.033962655609294;24.92706259906924
24.993166118866856;25.002162620611756;25.04572260555607;24.95894865496532
24.92643445954215;25.085602707723332;24.971222219989734;25.016740612744787
24.96838495689454;25.034770400615663;25.058292156600803;24.938552485888994
24.968813646940767;25.02140714207224;25.01646570330496;24.993313507682036
24.92760450324181;25.169479161236147;24.952883386710283;24.950032948811764
24.549107612983036;26.817866135948886;24.31423033702623;24.31879591404185
24.521966354035577;26.81502551660671;24.335918517740584;24.32708961161713
24.511595621607192;26.801317077511793;24.34236895968675;24.34471834119427
24.490352419175125;26.81668635270111;24.305061624763535;24.387899603360225
24.547676886176788;26.787871715102618;24.33512786416026;24.32932353456033
24.545693573977193;26.746852404855666;24.331616114860687;24.375837906306455
24.49489420860148;26.78927421186336;24.277492467548917;24.43833911198624
24.53709142331597;26.838941968005432;24.316750379918897;24.3072162287597
24.526525804817563;26.838222269183078;24.327663845907622;24.307588080091737
24.534255293144163;26.81970927921081;24.310426696749303;24.33560873089572
24.43908314446347;26.963358803022274;24.27865473168939;24.318903320824866
24.534889688612353;26.796264145848813;24.333099169595894;24.33574699594294
24.525395049598973;26.837813345176322;24.318060423939826;24.318731181284882
24.501979262084237;26.838338298436604;24.270357601326342;24.389324838152817
24.53016349994526;26.824858332062796;24.319903228558054;24.32507493943389
24.52914166481216;26.850885843182652;24.307553265264318;24.312419226740875
24.539909965132466;26.813561640927414;24.3106947660283;24.33583362791182
24.55604723928864;26.76818176096414;24.294083045371178;24.381687954376044
24.541928904037896;26.77723131013567;24.316751432520565;24.364088353305867
24.547512795300406;26.816562875559924;24.30100261368698;24.33492171545269
24.520382586482487;26.80704189477026;24.33030753840077;24.34226798034648
24.505325463997536;26.83057883388183;24.300263948705524;24.36383175341511
24.521307890528448;26.804647486694467;24.35603694983339;24.318007672943693
24.524085629253612;26.79781279827587;24.333286765254222;24.344814807216295
24.541971000641773;26.76630623522319;24.303805644845376;24.387917119289657
24.537807858543225;26.806395136231682;24.318739440691157;24.337057564533936
24.53241285739939;26.825189382602737;24.327733328012663;24.314664431985207
24.533193102145155;26.82001453632231;24.32974457462262;24.317047786909914
24.45164601693697;26.667599660788337;24.38733193083249;24.4934223914422
24.54063165378432;26.684338462233274;24.438031801947684;24.336998082034718
24.53430513829921;26.811842754207582;24.325592672595462;24.328259434897742
24.56613602360502;26.76153953766028;24.28367458306235;24.388649855672348
24.471998760842204;26.835357165693246;24.37868580203497;24.313958271429584
24.58812930740624;26.785338992390518;24.310815001627493;24.315716698575756
24.537229124240202;26.810482763677435;24.327554109936965;24.324734002145398
24.49645625896711;26.78488715379337;24.347440563057653;24.37121602418187
24.532062179674107;26.815496913035343;24.33884999738813;24.313590909902423
24.523998454099925;26.796560646427437;24.341690512997623;24.33775038647502
24.498116131572957;26.765239077228514;24.360354158056545;24.376290633141988
24.540075043997955;26.79410415228867;24.34084687947078;24.324973924242588
24.494441733618693;26.92275112848187;24.303642544611872;24.279164593287568
24.523438852598225;26.82259819777236;24.331756361247983;24.32220658838143
24.49552048398719;26.774438728777994;24.314508621549397;24.41553216568542
24.535387346353243;26.798367981615712;24.345455358586502;24.320789313444543
24.53440435584976;26.79807888011168;24.34029803038768;24.32721873365088
24.46130221613288;26.795365792028242;24.259496772036098;24.48383521980278
24.532996141214216;26.789633848922033;24.347678224958543;24.32969178490521
24.535298519388824;26.822608556090316;24.33244923280788;24.30964369171298
24.530555514594557;26.812990024529732;24.341978695174607;24.314475765701104
24.511395247420698;26.87803536941783;24.338008445538733;24.272560937622735
24.53121849812125;26.711647505696966;24.445273405696728;24.311860590485054
24.53552143842163;26.7933891293077;24.341046721192946;24.330042711077724
24.50829011752294;26.80285345212673;24.37726019985291;24.311596230497422
24.516968970868035;26.85302971317655;24.329205437089108;24.300795878866303
24.515768172048418;26.80666060547658;24.358163263881032;24.31940795859397
24.58060692964509;26.820215840081907;24.27950507432927;24.319672155943735
24.486236033614258;26.944004703386458;24.166030421732344;24.40372884126694
24.639947321862255;26.857473542030974;24.14105761916787;24.3615215169389
24.632219335440517;26.852309411839574;24.200268539091006;24.315202713628896
24.55483878151971;26.999441134323334;24.244330784451147;24.201389299705813
24.536571684954435;26.892643863003485;24.308884967459548;24.261899484582532
24.51609524204553;26.84115100893606;24.34248498529638;24.30026876372203
24.5074434765354;26.83813810813988;24.340681332765225;24.31373708255949
24.475351368307635;26.868304225966817;24.325700179349568;24.33064422637598
24.516983579694806;26.80172737514082;24.356877069607073;24.3244119755573
24.486499770379194;26.668315634806927;24.329290174977825;24.51589441983605
24.47102818003167;26.68861356973085;24.361640559911983;24.478717690325496
24.460163254649718;26.775945369684113;24.325805947673768;24.4380854279924
24.52526064188384;26.779753352082754;24.34252191026156;24.352464095771847
24.529567703821428;26.80561978518716;24.351881403513342;24.312931107478068
24.491851819478057;26.778040612520282;24.437257462109002;24.292850105892658
24.527879311681488;26.8202006048326;24.3350845339538;24.316835549532115
24.51711095350314;26.817754076648498;24.34720048633318;24.317934483515184
24.52667143497246;26.82565116596209;24.339197700080987;24.30847969898446
24.544800042489044;26.85048642743848;24.31747053797819;24.287242992094285
24.52262347724763;26.814647527371342;24.34401115123007;24.318717844150957
24.55299791093149;26.800861659410245;24.334947317727146;24.31119311193112
24.49536785778895;26.865846741450156;24.295589297445964;24.34319610331493
24.52526872696347;26.814490365167426;24.340796224182363;24.31944468368674
24.52297004392576;26.812316073123714;24.341009704749315;24.32370417820121
24.528335533299924;26.80396350639373;24.336725539883446;24.330975420422895
24.488403143663504;26.892714088121718;24.316924774339007;24.30195799387577
24.530823736199352;26.798568346987338;24.34376354126615;24.32684437554716
24.53667238143852;26.79610836746338;24.339706832547336;24.32751241855076
24.518627094498758;26.816519831578283;24.350830280063082;24.31402279385988
24.530688972861373;26.84748175734922;24.30960209134212;24.312227178447284
24.548704879291968;26.727436170705715;24.35872295074371;24.36513599925861
24.528938474274558;26.83834329115507;24.3241588501077;24.308559384462672
24.549441773245157;26.87656443197925;24.299750344906272;24.274243449869324
24.536934431746644;26.792672277439657;24.33949028217402;24.33090300863968
24.607792873186675;26.713403656262287;24.43254615005917;24.246257320491875
24.4961186461282;26.747303891773615;24.40098640223677;24.355591059861418
24.49738977523399;26.876187519666576;24.30130158175423;24.325121123345202
24.52577387225213;26.81878944195907;24.340019928568793;24.315416757220007
24.522987783571082;26.825157202391303;24.336393321846185;24.315461692191434
24.471485127472963;26.903613981837456;24.289920957770576;24.334979932919005
24.510325624795513;26.824116700540113;24.337753650245688;24.327804024418693
23.990399285104456;27.060792581484993;24.485775273469987;24.46303285994056
24.162395800706037;26.809613950032762;24.991980304839206;24.036009944422
24.79516548264935;26.27886388513917;25.397961566670592;23.52800906554089
24.82052048166347;26.172561774368948;25.451107550238174;23.555810193729414
24.816854945355917;26.133749747065448;25.446299184273297;23.60309612330534
24.82965725687224;26.227800356927894;25.379266264481465;23.563276121718406
24.81751735302053;26.153393343307744;25.456615404740297;23.572473898931428
24.792813289251384;26.18760033057253;25.41556275847029;23.6040236217058
24.859064087199194;26.167795935487376;25.41092144829742;23.562218529016015
24.792063722536692;26.270378707934945;25.420188483159876;23.51736908636849
24.87187649144519;26.099074246824166;25.426656914589568;23.60239234714108
24.838616999843833;26.12165407193798;25.435391366441635;23.60433756177656
24.82377012396258;26.155333281970183;25.43758622853371;23.583310365533528
24.825123681448833;26.22767769770181;25.40513992371655;23.5420586971328
24.755581335177197;26.076356386854172;25.521704328998563;23.646357948970074
24.7709579291554;26.093222827974984;25.374672230443863;23.761147012425752
24.846555639321423;26.11190889224229;25.381002150482313;23.660533317953973
24.820073051964737;26.14170930086762;25.445022949498767;23.593194697668874
24.905732119453898;26.075475849928488;25.44834415227198;23.57044787834564
24.799277516959723;26.154522710820505;25.44646260765131;23.599737164568463
24.783978456671505;26.200047060669046;25.399852281788824;23.616122200870624
24.815721081508276;26.1518593384028;25.444718013148183;23.58770156694074
24.814426142959103;26.142081730697708;25.410810680906042;23.632681445437147
24.215682668051326;26.650235641835728;25.167552593192067;23.96652909692088
23.343818165792328;27.045162747857134;24.793571838312417;24.817447248038125
23.329980828786315;26.951747529862853;24.805367939831882;24.91290370151895
24.812233261940378;24.999714536921793;25.012003042764547;25.17604915837329
24.783193873857197;25.05939505473908;24.99496548174899;25.16244558965473
24.931162200781536;25.063807523328403;24.579679968273428;25.425350307616633
25.2490054026339;25.27593040463463;23.395893835463145;26.079170357268328
25.236176821837308;25.268349200628382;23.382090777013854;26.113383200520456
24.133750825667473;25.82238018305788;24.274739073699138;25.769129917575512
23.977758105797584;26.03117799584377;24.33336053926339;25.657703359095258
23.940067875381047;26.48071466457143;23.60258054763471;25.976636912412808
23.428948324429914;25.626266777041284;24.225144370398162;26.71964052813064
23.33445845222438;25.55409120983706;24.192891337688767;26.918559000249793
23.361548176029498;25.615952376660083;24.094561629395304;26.927937817915115
23.42360277165921;25.196775388145742;24.383397872663796;26.996223967531257
23.261548275502506;25.36904129281133;24.244338708894965;27.125071722791205
24.589431438280755;25.702065779415488;24.382388295773623;25.326114486530134
24.42275657453771;26.04131756889958;24.072467768008515;25.46345808855419
24.375462278106507;26.149396727071007;23.998243343195266;25.47689765162722
24.53928889106969;25.938068239846494;23.966220699720598;25.55642216936322
24.513006206204086;25.93718034460873;24.145492575907035;25.404320873280145
24.462317166643707;26.06880173876391;24.040047613497084;25.428833481095296
24.505983799877075;26.123511592262794;23.99725285288625;25.37325175497388
24.623663408056093;25.969350858941954;23.989247799974294;25.417737933027656
24.229089573831974;26.094854898359763;23.83673263116243;25.83932289664583
24.771366138634093;25.528943797424787;22.973163373409314;26.726526690531806
25.170753386277124;25.4862906498174;24.4351825014975;24.907773462407974
25.128153571524596;25.49390026018439;24.440342491028762;24.937603677262253
25.13096248165428;25.508007453898113;24.44416140707023;24.916868657377382
25.11498582676183;25.586504691998563;24.37828144664077;24.92022803459884
25.132142638945798;25.517664872336375;24.426240416910368;24.923952071807456
25.16918066478815;25.466689863631114;24.48855571255059;24.87557375903015
25.09812378213686;25.52974615091332;24.506213116740344;24.865916950209474
25.12299747706539;25.533911278565498;24.385581638655644;24.957509605713472
25.145415271677724;25.531913248122034;24.4230758819849;24.899595598215342
25.18434464416416;25.39193534957586;24.463749440372602;24.959970565887378
25.00311285099346;25.181039598586157;25.106782061238015;24.709065489182365
25.212343240468087;25.04691324496868;24.72795217473775;25.01279133982548
25.08449773953565;25.01619885743198;24.639706801602443;25.259596601429923
25.111242064720447;25.04230124671353;24.59784829560115;25.248608392964872
25.03551383595348;25.11005956251694;24.63297431894165;25.221452282587926
25.018081804978813;25.02062772311983;24.679320394154416;25.28197007774694
25.05911024501274;25.043558264151848;24.64269505654126;25.254636434294152
25.038829320407867;25.064046624308702;24.659006999400113;25.23811705588332
25.02736949862141;25.032291086785097;24.647131242715595;25.2932081718779
25.045057344077637;25.016875297637934;24.64476051447803;25.293306843806395
24.99873820563292;25.037239985104005;24.7150731908938;25.248948618369273
24.962359918651277;25.17038294181911;24.633991181728256;25.23326595780136
25.09473204051385;24.989091239770516;24.6564748900507;25.259701829664934
25.102558475707326;25.00478332886889;24.619969402314272;25.27268879310951
25.01956321939691;25.081815396735085;24.600043765591494;25.298577618276514
25.06414032451691;24.969296796012426;24.621550742507342;25.345012136963323
25.088334347764533;24.921601931941247;24.80496150471735;25.185102215576865
25.018876936754786;25.02936096979955;24.78274017803175;25.169021915413914
25.068713235333572;25.061844594862905;24.832746815830642;25.03669535397288
25.047714920915688;25.043563313348482;24.824823109142717;25.083898656593114
25.04704914563049;25.014674319636228;24.851976493870808;25.086300040862476
25.03112336344792;25.11459786875373;24.81283450763463;25.04144426016372
25.045658823099764;25.067317611487617;24.82534664004938;25.061676925363237
25.041693340890465;25.0279407474516;24.8446346165751;25.085731295082837
25.148978436232326;24.990466642531583;24.835705069295532;25.024849851940555
25.05401032132111;25.108130568669324;24.774102014284523;25.063757095725048
25.06983962752199;25.016488736302495;24.859144993650943;25.05452664252457
25.096350017662367;25.01557172002624;24.843129338994903;25.04494892331649
25.1359801211056;25.040979658478097;24.799613753630105;25.0234264667862
25.087219478272853;25.074728787557238;24.8046714400161;25.033380294153808
25.10127746466922;24.99856295489321;24.837990271888934;25.062169308548636
25.038838186648487;25.040055446171262;24.84540804060778;25.07569832657247
25.08450684484419;25.063642934803283;24.83289850168293;25.018951718669598
25.05539774919833;25.021618852716472;24.834919553458064;25.08806384462713
25.038578270947852;25.02450229762391;24.846740872131978;25.090178559296255
25.041683928228984;25.02228754371506;24.873703918948;25.062324609107954
25.007907427679715;25.058537057759388;24.8304643823314;25.103091132229498
25.06617566712729;24.978684782309745;24.865139899931833;25.08999965063113
24.939402120786124;24.915419921238584;25.010864606704963;25.134313351270333
25.005023507085067;25.114204721181633;24.82399424630008;25.056777525433223
