24.744669524147533;23.832072947664418;25.344604002293263;26.078653525894786
25.10746758573083;24.99327106971882;25.409150919076;24.490110425474345
24.95793806270576;25.13408152156511;25.079975898073304;24.828004517655824
25.031298807894377;24.92361968046584;25.144479788549184;24.900601723090602
24.913792403995163;24.93293325632736;25.118477819108247;25.034796520569223
24.92793848341004;25.092505301077082;25.16385147345847;24.815704742054407
25.093797393001527;24.96636796818547;25.09869704088274;24.841137597930267
24.891216237430463;24.919723363141536;25.247644505082047;24.941415894345955
25.043732575843762;24.875818511693137;25.27122521374755;24.809223698715552
25.08488440287681;24.963661057280838;25.099651482881413;24.851803056960943
24.907531094625266;24.95545020348343;25.215280820184695;24.921737881706612
24.99113356670438;24.95903689704178;25.080105824821015;24.969723711432827
25.08515118177327;24.994195470514075;25.075024899804056;24.845628447908595
24.933856396493436;25.117947851911353;25.102315292370704;24.845880459224503
24.94580678548792;24.964667491479577;25.216835488476182;24.872690234556323
24.925491798710826;24.98092248249215;25.23296119480616;24.86062452399086
24.92552695957073;25.12736155276564;25.075023198324587;24.87208828933904
24.988837999636146;24.95867744097664;25.120299501016902;24.932185058370315
25.08265492819273;24.96405433478773;25.087150420639208;24.86614031638033
24.94753081716641;25.00625318931238;25.073412256697047;24.97280373682417
25.084660559952532;24.9725802029065;25.07815416742187;24.864605069719094
25.07511350238248;24.93143257832737;25.066903163865046;24.92655075542511
24.93796265522008;25.131804466688823;25.10273181547302;24.827501062618072
24.96341343457181;25.119708839269155;25.11685550014905;24.800022226009986
24.938713611265737;25.066029069040198;25.081220762131718;24.914036557562348
25.063469290900464;24.981534718547653;25.114782953390392;24.840213037161494
24.95718381961045;24.98927990685899;25.242343799347733;24.811192474182825
25.093264505401052;24.95782376984909;25.099447993327793;24.849463731422063
24.91431283873728;25.12802932157459;25.06789602548255;24.88976181420557
24.950540353503424;24.9713355638627;25.099705268612375;24.978418814021502
24.936487013348682;24.946438185767594;25.15960863672651;24.957466164157214
24.92140883665817;24.9685616826269;25.056718613817452;25.053310866897483
24.949122626153592;24.96374819900339;25.106508058868997;24.980621115974014
25.076703054515985;24.990841984231764;25.077562786608514;24.854892174643734
25.090198375033996;24.96328627552241;25.10333234487498;24.843183004568612
24.97577725901616;24.87288157581625;25.142463817859817;25.008877347307774
24.94991719941749;24.970449657096776;25.09964390532562;24.979989238160112
24.989603399210345;25.0173526673234;25.134537076584607;24.85850685688165
24.933348060167297;24.94547166590615;25.23186395975558;24.88931631417097
25.087586589051703;24.94877434974615;25.09047148579301;24.87316757540914
24.95189885485988;24.9611040291541;25.10049666846661;24.98650044751941
24.918480683624473;25.128727962925453;25.08511918551189;24.867672167938185
25.059728981038027;24.936110278198818;25.070388730100657;24.9337720106625
24.946448211822197;24.9751257104748;25.096121693765227;24.982304383937773
25.004659773536858;24.952596299824837;25.082588232765602;24.960155693872704
24.94374943244943;24.970393946426217;25.085118571824154;25.000738049300196
24.91022019942125;24.992446164719436;25.059769372374085;25.037564263485223
24.971797729590193;24.94789590548579;25.11791880230406;24.962387562619956
25.084823794839096;24.97114184430713;25.09648252698736;24.84755183386642
25.075474891013627;24.921025843832055;25.111134069252866;24.89236519590145
24.942598493637526;25.120074767069276;25.100493965218913;24.83683277407428
25.0944132094257;24.96768780500838;25.093633931682575;24.844265053883344
24.932039023211516;25.101932142689336;25.107488348747765;24.85854048535138
24.962293473379987;24.92467010254032;25.06237607478846;25.05066034929124
24.909049367546338;24.97021683868519;25.148645950083747;24.97208784368473
24.931146857545926;24.96747645183444;25.23231770527989;24.86905898533974
24.910039293521756;24.970388588147827;25.06168813301664;25.057883985313772
24.93658830467287;24.95820635383314;25.1011027827712;25.004102558722792
24.974389664131785;25.000554841940133;25.15509292337068;24.869962570557398
24.931629866817552;24.980960668241252;25.071370703290768;25.016038761650428
25.146176363825024;24.936386128926745;25.052968174573625;24.864469332674606
25.087003574443628;24.991917087277496;25.1005873583245;24.820491979954376
24.915428521987476;25.006831164307712;25.118126452893435;24.959613860811373
24.88601465261734;24.915562915156862;25.226781971559703;24.97164046066609
24.953402950308863;24.969026345633203;25.112331848200327;24.965238855857606
24.961481895098718;25.131939920505946;25.102549234370635;24.804028950024698
24.92296075699944;24.96698318157119;25.265218093682158;24.844837967747218
24.965263680245407;24.92913640396385;25.07240492624171;25.033194989549028
24.96884235756351;24.93848269898453;25.246323108016544;24.846351835435414
24.949264445890496;25.124684667017284;25.075880480999796;24.850170406092424
25.070684507288277;24.933534358591757;25.097292968408837;24.89848816571113
25.067683577018308;25.009885959046468;25.07773219352623;24.844698270408994
25.096820273662633;24.97194050185988;25.102334640275732;24.82890458420175
25.099145191826942;24.963673867347026;25.094795889114717;24.842385051711318
24.911778298494987;24.943560258744284;25.054631011810635;25.090030430950094
24.958590713893113;24.971959359317907;25.247152366808816;24.822297559980157
24.932266598667642;24.982179233446246;25.261009032086072;24.824545135800037
24.939775280898875;25.06202247191011;25.084232209737827;24.913970037453183
24.973414079439724;24.987038328449586;25.12369492946035;24.91585266265034
24.94851011752447;25.10301368450473;25.114749850075572;24.833726347895222
25.012533673803617;24.978479217869047;25.129291808436445;24.87969529989089
24.986269361315347;24.953159756259797;25.088385180274553;24.972185702150306
24.98019400678369;25.00086432839477;25.14334978377078;24.87559188105076
24.98291680473817;24.998900136867373;25.149732743349258;24.868450315045198
24.967223661560396;24.9953226339309;25.151571003807966;24.885882700700733
24.94958508426072;24.961574596385848;25.107768024560812;24.981072294792618
24.963484636638498;24.984294178028495;25.20505470936067;24.847166475972333
24.96965998215704;25.00518284373901;25.141256756137693;24.88390041796626
24.94310770506017;24.963485408147957;25.15364097974253;24.939765907049342
24.983275097438256;25.008429046456033;25.140401656431305;24.867894199674407
25.00535244862569;25.027093322424882;25.125644592996863;24.841909635952565
24.98616856321072;25.002662479493143;25.137497361550103;24.873671595746032
24.916825307756408;25.08600593794421;25.06587669431789;24.931292059981494
24.958323771432315;25.03532439432187;25.15346851129397;24.85288332295184
24.95920636774604;25.021925929407146;25.11142657111638;24.907441131730433
24.918038812527637;25.170007812614276;25.046423731744156;24.86552964311393
24.540812262824513;26.818196814787587;24.400743964949267;24.240246957438632
24.514589461894662;26.81544555879485;24.421172475738818;24.24879250357167
24.502920645994923;25.764120015235058;24.842256639530703;24.890702699239313
24.47592376568117;25.77683673640111;24.81822993961585;24.929009558301868
24.531426774454683;25.745731002485055;24.853359735746565;24.8694824873137
24.524878976642416;25.703538344085224;24.860115426641702;24.911467252630658
24.484135577246533;25.752465430852855;24.78202336251946;24.98137562938115
24.52497337317596;25.800915799308655;24.823078033619257;24.851032793896124
24.5176144906152;25.800857836662978;24.827913689275675;24.853613983446152
24.523361151168075;25.782925361057046;24.81243858289895;24.88127490487593
24.426737862881815;25.925953051111804;24.7873018620762;24.860007223930182
24.516236165859645;25.755224669021757;24.85410348951961;24.874435675598992
24.51527995181924;25.799264720937803;24.821104923771458;24.864350403471498
24.48943997677986;25.800974491034413;24.777186210828216;24.93239932135752
24.514426334987565;25.784786041322878;24.834963050125967;24.865824573563597
24.518195892951326;25.8132943158038;24.810282933800636;24.858226857444237
24.52734182555606;25.77479008133906;24.82051019383484;24.877357899270045
24.545118978565316;25.729988654127805;24.797619918384566;24.927272448922313
24.524471768556747;25.73828947046188;24.835424072988747;24.901814687992623
24.53524575450165;25.77808644486113;24.808306311890757;24.87836148874646
24.512226138809616;25.77051751002495;24.825442387959207;24.89181396320623
24.49615771535627;25.799330877332466;24.795362250640487;24.909149156670782
24.51337553019322;25.770009776585795;24.849073485703347;24.867541207517643
24.5163605551722;25.763905600796654;24.82712334218327;24.89261050184787
24.487266483907643;25.72960647542025;24.847841653915903;24.9352853867562
24.523604589085124;25.769988723401937;24.826629114324003;24.879777573188935
24.524872372632007;25.792200830542246;24.82063000965685;24.862296787168894
24.524097381252616;25.786683924148836;24.824981405107398;24.864237289491154
24.441771316277556;25.62783689488691;24.892722790551343;25.03766899828419
24.529733297009553;25.654155843588246;24.933823218762885;24.882287640639316
24.526189212890635;25.77853753841844;24.81989657405781;24.875376674633117
24.5585439416392;25.730124020969054;24.7764999111873;24.934832126204444
24.464093687224857;25.805496431166393;24.87115442150703;24.85925546010172
24.505106158177014;25.751010675566015;24.88195302981617;24.8619301364408
24.528532678143073;25.77626122069137;24.823615049870718;24.871591051294843
24.489693292584054;25.755274452132255;24.836431605730898;24.91860064955279
24.525201631233458;25.783208610426474;24.830785150948607;24.860804607391465
24.51580299785867;25.761918629550323;24.837995717344754;24.884282655246253
24.4912869195249;25.72656222609494;24.85849455846371;24.923656295916448
24.531254124449667;25.76230249530073;24.835612460804704;24.8708309194449
24.48705371434755;25.900268800408128;24.79038012744991;24.822297357794408
24.515999605647757;25.78960620768142;24.825813445968762;24.868580740702065
24.487013230133527;25.74086365168023;24.810125289738902;24.96199782844734
24.529066499339844;25.76692034018534;24.836130484649207;24.86788267582561
24.527460398876354;25.766154451382807;24.833027470302145;24.873357679438694
24.453389080022347;25.76451674007696;24.75417638575177;25.027917794148923
24.521642521568005;25.756412818523927;24.84982843826318;24.872116221644895
24.526691392191054;25.789064871065477;24.827307129764424;24.856936606979044
24.522567330951627;25.781707050263396;24.834180235504874;24.861545383280102
24.50039528234332;25.84621739343882;24.840829026420437;24.81255829779742
24.516092673511245;25.6869904053812;24.946847515939037;24.850069405168522
24.527950533998354;25.760650517986516;24.835772846319497;24.875626101695634
24.50050281673398;25.77183279265772;24.872557398425887;24.855106992182417
24.5089495459516;25.8197767642502;24.82576734504628;24.84550634475191
24.50845356865415;25.77157471174073;24.852915761083032;24.867055958522087
24.571019466343543;25.778796592423536;24.782371220129505;24.867812721103412
24.475309173663952;25.923305945304826;24.663007028865007;24.938377852166223
24.631041117755405;25.842724209698194;24.629813786185952;24.89642088636045
24.623879933690613;25.834474829870942;24.688283637807757;24.85336159863069
24.546635775425596;25.919168692483446;24.796414982855083;24.737780549235875
24.526416734302973;25.86642190069462;24.8035490644373;24.80361230056511
24.512516705226652;25.80833612778998;24.827745474562008;24.851401692421362
24.502185064906385;25.804118155915308;24.831422803094085;24.862273976084225
24.4706267442475;25.83509924629755;24.817046870711305;24.877227138743645
24.51145288594838;25.771186703940025;24.846510265591434;24.870850144520166
24.47673913788118;25.65183068612792;24.820627570500314;25.050802605490585
24.46481978156287;25.675353004739105;24.843393262571468;25.016433951126555
24.450866722163138;25.763522270989686;24.815053381468317;24.970557625378863
24.51850315913408;25.75144558856726;24.833412154213818;24.89663909808484
24.52480373708814;25.774614036356102;24.839365002445753;24.861217224110003
24.48577858241437;25.747108352426455;24.92860792649594;24.838505138663237
24.522134289245543;25.790391831697857;24.822345681454337;24.865128197602264
24.512134631707887;25.787135624841234;24.83474807760362;24.865981665847254
24.52379917031213;25.79654383691502;24.82154753311359;24.858109459659254
24.539913705235943;25.81971338021266;24.80471228030029;24.83566063425111
24.51991706650479;25.783287736542015;24.826066951057594;24.870728245895595
24.546148817567623;25.767612185218074;24.827028773600407;24.859210223613896
24.47920474395232;25.830621805545967;24.811048819741575;24.87912463076013
24.517338789793815;25.782416694974458;24.834759939239728;24.865484575992
24.517871337766415;25.78035533112451;24.828446199576483;24.873327131532594
24.51396617141959;25.771129033784185;24.843605227934233;24.871299566861996
24.482646139873424;25.859857945551123;24.806090240712255;24.851405673863198
24.52543973917071;25.765674067815343;24.832387479054795;24.876498713959155
24.529384890714795;25.76231712804729;24.83228507929747;24.876012901940445
24.5127301156428;25.784866144343887;24.839390723374365;24.863013016638952
24.52405912122715;25.81642828286961;24.8004036416385;24.859108954264745
24.54017021273441;25.695976880901128;24.85529248618166;24.908560420182802
24.520554859909108;25.8069453558408;24.81817574905925;24.854324035190846
24.542239000383322;25.84611527638246;24.791125822280275;24.820519900953943
24.52430141636191;25.755504566302307;24.847105903865195;24.873088113470594
24.59696502800376;25.679471215670553;24.935694131356904;24.787869624968785
24.488921243510358;25.717316313814514;24.89420687106575;24.899555571609376
24.49086707323978;25.84790408328089;24.78993975593899;24.87128908754034
24.51921253401246;25.787518951813105;24.83016407648588;24.86310443768856
24.517910319304587;25.79361390825372;24.824546002237714;24.863929770203978
24.463016344846565;25.872074806485628;24.784518577652324;24.880390271015486
24.504334903631957;25.792248075881126;24.828008701854174;24.875408318632743
23.98503382494894;25.995272076648895;24.989432843459383;25.030261254942783
24.155171409398104;25.78959990981837;25.480811059656812;24.57441762112671
24.788520362828507;25.390772014054452;25.808744674275598;24.011962948841443
24.812517903919375;25.281506229669986;25.864761788973528;24.041214077437107
24.810512073187184;25.24426385647071;25.855178982394033;24.09004508794807
24.815961667372104;25.33319292077694;25.80785486742152;24.042990544429436
24.81096939578473;25.261691446296176;25.868813149016656;24.058526008902433
24.785207887779332;25.25297644106899;25.871503628984726;24.09031204216695
24.843195921512024;25.27194337865652;25.8431506011785;24.04171009865296
24.784149960900045;25.377699459307845;25.834665882126977;24.00348469766513
24.863061348600823;25.207761294756065;25.8422964810517;24.08688087559141
24.830831721024232;25.228554500815992;25.84983491464795;24.090778863511826
24.816059887016866;25.260883810053315;25.85300278982953;24.070053513100284
24.819698959890435;25.340042158140825;25.81156069173631;24.02869819023243
24.74699058760182;25.136015389850243;25.98930282702927;24.127691195518665
24.761257779766506;25.201765447667086;25.789325956962127;24.24765081560428
24.83576228951144;25.220166075712402;25.801148937900432;24.14292269687573
24.813766844845922;25.25223333849934;25.852298537061024;24.081701279593716
24.886766246330048;25.186432604576563;25.876689548772188;24.050111600321205
24.792109106171335;25.264363335120123;25.85557517004611;24.08795238866244
24.777324792888773;25.308665174267553;25.81124691579928;24.102763117044397
24.805520856244378;25.25562920393471;25.865145647749475;24.073704292071433
24.800440659371677;25.227825320061676;25.854940977125533;24.11679304344111
24.203068070764193;25.56340103047167;25.840419432458905;24.393111466305232
23.33790199856522;25.442891922305115;26.064724817550523;25.154481261579143
23.322594659448956;25.34557087952423;26.079935727222935;25.25189873380388
23.349872220107663;25.30207710293078;26.189467674405957;25.158583002555595
23.31623576377522;25.370580164857596;26.165105264383964;25.148078806983214
23.428251065724098;25.339267782043596;25.801552735922606;25.4309284163097
23.65337029175974;25.514912514806376;24.77107557769866;26.060641615735232
23.634757471405187;25.512921498363706;24.76066491527017;26.09165611496093
22.625649243668853;25.743402984569634;25.74559452438011;25.8853532473814
22.492186594217305;25.883164941027463;25.804852996635226;25.819795468120006
22.368370170115977;26.368635591820087;25.155210175318942;26.107784062744987
21.751973926158858;26.86137675797176;24.680020229362054;26.706629086507323
21.641006632572665;26.76719383442921;24.686859842136176;26.904939690861944
21.663865976789225;26.869163977466705;24.555060361113455;26.91190968463062
21.686912694390497;26.13816676361998;25.190503891422285;26.984416650567244
21.496533545675618;26.16728311728287;25.226519811457003;27.109663525584516
23.59500225718595;26.044307468930665;25.038395135046343;25.322295138837035
23.403797851256268;26.351836301681697;24.77936841301124;25.46499743405079
23.361026374168674;26.45888314430526;24.70079785312961;25.479292628396454
23.487914441675905;26.250221809635693;24.669739003519854;25.592124745168544
23.50302465606449;26.243920688365137;24.84759074556419;25.405463910006187
23.44084097095975;26.38260269585449;24.745379746239273;25.431176586946485
23.485385375318707;26.43901255893471;24.696911436735032;25.37869062901155
23.603216033618217;26.276892463396322;24.697074135790075;25.422817367195382
23.14861509710288;26.344821950272745;24.54163633489714;25.96492661772723
23.61409231270057;25.06560037745089;24.302273345721428;27.01803396412711
23.62384115583739;25.031845509087564;24.40622038638187;26.938092948693175
23.57592698458348;25.03262678658204;24.39961451875441;26.99183171008007
24.99921624934557;25.04675072653686;24.857945193884238;25.096087830233337
24.983261116450407;25.123368884461563;24.786447701024443;25.106922298063587
24.996458929024485;25.055022795157996;24.83606008769404;25.112458188123483
24.977187082991055;25.00344480127663;24.90008043966639;25.119287676065927
24.99979622097353;25.069192242169514;24.8794554431601;25.051556093696853
24.995310661789233;25.069947659922132;24.805657343189708;25.129084335098934
25.012741025793712;25.06706922379119;24.83703473988587;25.08315501052923
25.090330210371636;24.910040308044653;24.893258003306766;25.10637147827694
25.180751096367636;24.827138935660688;25.509704739394845;24.482405228576827
25.47116129614763;24.82119072732452;25.10846840995355;24.599179566574303
25.419954243130938;24.789912247706624;24.9888631733908;24.801270335771637
25.400346490322452;24.81439727283334;24.992758447955968;24.792497788888237
25.32734807601652;24.88882256158595;25.01454407159201;24.769285290805517
25.320575129757515;24.799500718989343;25.062140119605264;24.817784031647875
25.367718925470832;24.819910196719906;25.033699847178916;24.778671030630345
25.272167734809376;24.841145958194154;25.0432673269085;24.84341898008797
25.324975010334892;24.804657738192883;25.033009688917858;24.837357562554363
25.339952971193156;24.790511852400915;25.03028612051461;24.83924905589131
25.29856464584015;24.813543092168416;25.0977085007845;24.790183761206936
25.264546825200057;24.864636621886735;25.102824896827197;24.767991656086014
25.337553802363693;24.763551925812045;25.051451174274742;24.847443097549522
25.41127337883146;24.778076560706968;25.006725544300544;24.803924516161025
25.312487089842094;24.855458747362828;24.993225449343516;24.838828713451562
25.466278592363444;24.744167706635338;25.01432921004386;24.775224490957353
25.427829494894823;24.696326621239102;25.15337221806544;24.72247166580064
25.32443472531149;24.80248549415622;24.94240618936186;24.930673591170425
25.29594879617202;24.832511511703444;25.001502459741232;24.870037232383304
25.34198001822065;24.776469459078182;25.08363828043352;24.797912242267646
25.348458852292698;24.788396367669435;25.01630337273002;24.846841407307853
25.324573941767785;24.889338838070085;24.96936947426639;24.816717745895737
25.336124168796616;24.838495884795236;24.998598917677466;24.826781028730686
25.334398416461095;24.79910147511542;25.007163363611596;24.85933674481189
25.342387934459342;24.763839022162486;25.043348469715475;24.850424573662693
25.34715428387177;24.877197996475147;24.93989059024839;24.835757129404694
25.367968234452253;24.787902364733437;25.024924999266357;24.819204401547946
25.409418601256288;24.787870071702997;25.010299669004866;24.792411658035853
25.430198312902995;24.815403564949044;24.963476691523205;24.790921430624753
25.38096347472675;24.850380875377105;24.966082416302367;24.802573233593776
25.34212876317689;24.773003322236402;24.99509020675875;24.889777707827957
25.327441485037905;24.814003194439742;25.012714235340972;24.845841085181384
25.381005812095598;24.836196933693095;24.99981979860692;24.78297745560438
25.348712658185136;24.79390254496166;24.998223143076828;24.859161653776376
25.33937329477179;24.800842584376024;25.00406763669785;24.855716484154332
25.325310049561818;24.794193841862555;25.038032282701817;24.84246382587381
25.300175631740373;24.8290996387951;24.94357324064494;24.927151488819586
25.445796583926533;24.74763373525858;24.99010455903871;24.816465121776176
25.236953809042024;24.656080439734435;25.21096178315724;24.896003968066303
25.297657717140716;24.882944416852197;24.991133677787055;24.828264188220032
