24.525158915272314;25.902972940681444;25.862973564048353;23.70889457999789
24.662105085318466;25.84912992059469;25.829869910457848;23.65889508362899
24.485792289128632;25.97362820736235;25.81573541603958;23.72484408746944
24.520119155870386;25.91760505638933;25.88872711896163;23.67354866877865
24.509585932198842;25.910002261827636;25.885658862722398;23.694752943251128
24.50463391330042;25.90419004113043;25.903974359803904;23.687201685765245
24.271657157299163;26.606121441736146;25.649780287116936;23.472441113847754
24.48656316889653;25.860740859562846;26.000264007873454;23.65243196366717
24.624582284660903;25.85352816895481;25.816281007735626;23.705608538648665
24.497376645438695;25.801128997516855;25.858838733799615;23.84265562324483
24.704819985032255;25.807814977228823;25.830699546225798;23.656665491513124
24.52891704933359;25.86841495366751;25.914177858610298;23.688490138388595
24.52750673982171;25.865389074733887;25.895231815587994;23.711872369856412
24.59633317830149;25.84911791127506;25.868443798832374;23.686105111591072
24.582322420012904;25.83358322201928;25.827585893556503;23.756508464411308
24.53257790368272;25.85396395286776;25.882087284969412;23.73137085848011
24.555080251350567;25.840461180095442;25.918313125467268;23.686145443086726
24.500941619585685;25.868618755442156;25.904056051677703;23.726383573294456
24.48956995438239;25.893529385712387;25.881128482217992;23.73577217768723
24.52191588877267;25.86851124574872;25.90518574069323;23.70438712478538
24.499353169469597;25.918499353169473;25.89170208833857;23.690445389022365
24.519849419468542;25.913567364877572;25.86508220354919;23.701501012104696
24.523815899709643;25.88379539481486;25.882073901783087;23.710314803692413
24.536982614300136;25.87506131002809;25.857631021050114;23.730325054621662
24.61644580076084;26.231762886166965;25.645666987166088;23.506124325906107
24.535423869114283;25.900374933047672;25.874860008764667;23.689341189073378
24.49566719464941;25.913024234612852;25.884951672161648;23.706356898576086
24.514736372090905;25.89807544089667;25.87532315358078;23.711865033431643
24.469681554583374;25.83172245396276;26.004362091769256;23.69423389968461
24.13715435855657;25.41668663439881;26.71682560981454;23.729333397230075
24.663967897344165;25.856716289877596;25.837289187556056;23.642026625222183
24.38402695082534;25.776188789639104;26.24191600735124;23.597868252184316
24.47455078356157;25.850743878751594;25.884509081795333;23.790196255891505
24.321082886955335;25.947822772200674;25.691054279205165;24.040040061638823
24.43435687803023;25.799941375922934;25.788850334315683;23.976851411731154
24.519412606271892;25.835375178832777;25.874430612882538;23.770781602012793
24.518948883321784;25.875896397190573;25.89475712710082;23.710397592386826
24.408542797189742;25.809613487943565;25.77531729055982;24.00652642430687
24.52283710902129;25.68492506132487;25.633690303665276;24.15854752598857
24.415157025870887;25.711960760953374;25.791985397751667;24.080896815424076
24.837961023204638;25.749532737520543;25.768296104142152;23.644210135132674
24.516104861260118;25.888687940001432;25.833512143784038;23.761695054954412
24.359218408823693;26.107320818703162;25.931838722835863;23.601622049637278
24.524143458224803;25.86446079132915;25.90605947848985;23.705336271956188
24.52727108292528;25.870753283954812;25.88810282742188;23.71387280569803
24.52037232925907;25.874926881365397;25.88776722695413;23.716933562421406
24.52520617062354;25.86431289823159;25.891863996266206;23.71861693487866
24.528698387304516;25.894642651355436;25.8837964437997;23.69286251754035
24.513566785387;25.871897049773224;25.885355555365237;23.729180609474543
24.595721496189906;25.691454343203507;25.997169861292935;23.715654299313655
24.824215797906106;25.78833345089227;25.781078384941708;23.60637236625991
24.521903968166423;25.883573760177796;25.892561679597016;23.701960592058764
24.513586873231187;25.880618058842963;25.927275575641374;23.67851949228448
24.505995905235448;25.88125182801989;25.905625426537977;23.707126840206687
24.50145767015189;25.89039085973832;25.87986501400256;23.728286456107224
24.52499915663689;25.881127032973623;25.89949360730765;23.694380203081835
24.47280935050392;25.91247900335946;25.853513437849944;23.761198208286675
24.50947669780052;25.880960752781252;25.916122434045075;23.69344011537315
24.49830979864558;25.886083820420346;25.918493478498455;23.697112902435624
24.345488815972967;26.153622040110076;25.702565815303224;23.798323328613733
24.528510836221884;25.898404190522594;25.85336862349897;23.71971634975655
24.537407309561637;25.8594109068011;25.86646786550522;23.73671391813204
24.530292920281;25.867065024253826;25.908112849656245;23.694529205808923
24.518061692242423;25.86945499322234;25.90170493544838;23.71077837908686
24.484999034175736;25.870189608453035;25.94203971252737;23.702771644843853
24.512677668194357;25.87572268376816;25.890837638396302;23.720762009641184
24.540678174215937;25.91654334072212;25.831076845526983;23.71170163953496
24.518737283708717;25.896822477016666;25.885440062440672;23.69900017683394
24.521283369414416;25.871140273858757;25.874156339434723;23.733420017292108
24.536036560369652;25.879552543722472;25.858633912138373;23.725776983769503
24.538371067333138;25.863349014995592;25.8721699500147;23.726109967656573
24.47400985693068;25.85073343139949;25.85557503271641;23.819681678953415
24.51869763185572;25.9107330666404;25.85894083293351;23.711628468570375
24.429355604996058;26.00129572060648;25.887794613217352;23.68155406118011
24.422461886400015;25.846455521342676;25.87809286343005;23.852989728827257
24.479242475700676;25.906473889347115;25.895961703297594;23.718321931654618
24.150501657340413;26.12393965855223;25.565589692411876;24.159968991695475
23.211437258002945;27.180529803130284;25.416337187108034;24.19169575175874
22.948431731710386;27.579119899499293;25.24823314519423;24.224215223596087
23.129848463317558;26.898404517791548;25.245409310168498;24.726337708722397
23.11997096802828;26.856531932558102;25.229879955929885;24.793617143483733
23.11665376003476;26.836742202583896;25.243094367919603;24.80350966946174
23.18927096652187;26.780668998083495;25.298412886581932;24.731647148812698
23.125349007374886;26.818809812643213;25.244906899274067;24.810934280707837
23.094292146735533;26.742594799805765;25.189158168895954;24.97395488456275
23.126697329440677;26.81755045716815;25.232942369757733;24.822809843633436
23.13117284317619;26.802951787315305;25.248697356185986;24.817178013322522
23.136889871429403;26.690146202625115;25.387210962288048;24.785752963657437
23.251340220044085;26.560924676504605;25.41910123557511;24.768633867876204
23.106498005458747;26.723219044235208;25.392044445162227;24.77823850514382
23.161280586752994;26.665798444228077;25.374214207013168;24.79870676200576
23.108976654253794;26.80822114007448;25.347097894586078;24.735704311085648
23.121323581844184;26.73340239413666;25.40136730018501;24.743906723834144
23.153417801647823;26.710977913612847;25.386190320761997;24.74941396397733
23.185863282709732;26.656045183075143;25.432709843295818;24.725381690919303
23.0540973844533;26.956254866932344;25.298154001190966;24.691493747423387
23.113699729383896;26.71580971567236;25.383694114641948;24.7867964403018
23.133914226512537;26.72287636104883;25.369771178210687;24.773438234227946
23.14266962465344;26.740042373410063;25.35966241019357;24.757625591742922
23.138637988500538;26.734359423617192;25.33506530123151;24.791937286650757
23.153328683486983;26.720948568655995;25.352655466601977;24.773067281255052
23.319173012314103;26.543704891740177;25.06423579856963;25.072886297376094
23.362010350698757;27.009479711618965;23.863361785579826;25.76514815210245
23.37967687843798;27.0545193353607;23.687399395923386;25.878404390277932
23.446784154240095;27.019611387257118;23.691399307124566;25.842205151378216
23.38720366366998;27.03556264482603;23.6970799416811;25.88015374982289
23.43332915452519;27.022874388084894;23.699498848789318;25.8442976086006
23.399480223575065;27.021965894122253;23.697248033037845;25.881305849264834
23.393946987851166;27.075404221550475;23.672999514464266;25.857649276134094
23.34735076279405;27.111265541759643;23.68542097146055;25.855962723985755
23.3242425745029;26.96541025295922;23.609999362466265;26.100347810071618
23.401344916882465;27.041391696600115;23.692673962075013;25.864589424442403
23.50735976815468;26.982838214594185;23.73915329321622;25.770648724034917
22.855030628435028;27.076288375604385;24.25590366805073;25.81277732790986
22.27695413699803;27.52355122811389;24.55493050431094;25.644564130577148
22.12449872402479;27.706104567111268;24.484895722025975;25.68450098683797
22.141046581506078;27.72277609134475;24.490346240966453;25.645831086182717
22.17545517203993;27.66036537672214;24.49023054821997;25.67394890301796
22.14303341394798;27.689979106000035;24.464735205567344;25.702252274484643
22.225978806533163;27.66471092134029;24.433077611242908;25.676232660883635
22.35117910090643;27.835419948852287;24.310080699039503;25.50332025120178
22.162726090206533;27.699103585071132;24.465123396841655;25.673046927880684
22.140908427485602;27.720623182602385;24.461376675186838;25.677091714725176
22.189550133892123;27.78865790039644;24.39063383216951;25.631158133541927
22.38424108234749;27.928568670108;24.14170410514527;25.545486142399238
22.29272863499217;28.21397867871351;24.053179876033894;25.440112810260434
22.054185555116653;28.837516484940444;22.929272029209958;26.179025930732948
21.313704155773642;29.032271855701175;22.989395199302276;26.664628789222906
21.293261699039856;29.02270127922958;22.983123011715858;26.700914010014703
21.32890708187951;28.859920931723476;23.249978814417986;26.56119317197903
21.213960308619377;29.247382980514537;23.174253266012908;26.36440344485318
21.95952428503738;28.69718792464061;22.99452152426154;26.34876626606047
21.044430785613336;28.58932549299028;23.542952891387497;26.82329083000889
21.245177916860083;28.99716677604725;23.190658364413427;26.56699694267924
21.322166971996857;28.922009945040568;22.94844281601675;26.807380266945824
21.230743633055663;28.387113109340355;23.339494406203993;27.042648851399985
21.372281473643174;28.91471276210632;23.01784272228565;26.695163041964857
21.30655691727705;29.00597229741041;23.01323819400509;26.67423259130745
21.327732745447523;29.00391257517494;22.99231638363867;26.67603829573887
21.335828673995064;29.005338119769693;23.011192402087293;26.647640804147947
21.408710025002353;28.91841282129071;23.068071261938886;26.604805891768052
21.292056899095517;28.944087176855476;22.965713002758356;26.79814292129065
21.23875647173908;28.939708443680956;22.93202586309737;26.889509221482594
21.278014984290664;29.033110448723114;22.99202449045356;26.69685007653267
21.45970668922215;28.51388907535948;23.57383564034746;26.452568595070915
21.518326019931372;28.26791333802634;23.543839940740597;26.6699207013017
21.573103128700637;28.20092562399529;23.599407326045046;26.626563921259034
21.52605764030964;28.26084490211131;23.558708633188747;26.654388824390303
21.22858114972262;29.01791208287385;23.18532478469546;26.568181982708072
21.54016953953225;28.261815165493243;23.523610099538722;26.674405195435785
21.330692052496715;28.605625223392956;23.380621321882188;26.68306140222814
21.386698612515833;28.47091978515107;23.41980969962392;26.72257190270918
21.16271208031003;28.661401506058038;23.468097928067845;26.707788485564087
21.420042138920277;28.364328959898945;23.37155770910329;26.84407119207749
21.1193596529534;29.006607897805527;23.373818904250264;26.500213544990807
21.246567136536086;28.829397176153282;23.43231362698484;26.491722060325795
21.304561830673745;28.838295728253176;22.98273768090194;26.87440476017114
21.032260749537002;29.107505774473015;23.003211508715466;26.85702196727452
21.049369373123287;29.081235367190732;23.02341509910595;26.845980160580023
21.10512458370386;29.02012751884594;23.06440457300948;26.810343324440726
21.017083239153454;29.123294352776025;23.018356154605694;26.84126625346483
21.03708517331522;29.133793144190577;22.980992187153852;26.848129495340356
21.001045238662826;29.212892499342907;23.016644356016847;26.76941790597742
21.027960786456433;29.202817071522443;22.932273528557502;26.836948613463623
21.07852412488174;29.107925187395384;23.02190524707081;26.79164544065206
21.03530359194211;29.1222065633179;23.017207688390435;26.825282156349555
20.801697045883092;29.560025141420493;22.707416719044627;26.930861093651792
21.015563546465895;29.120968648162716;23.03123946510844;26.832228340262954
21.047537549057218;29.135117589778392;23.001563929298595;26.815780931865795
21.00972829909751;29.198309469593102;22.971482731076907;26.82047950023248
21.025448018297098;28.93199386236646;22.997886569583972;27.04467154975247
21.033029586347617;28.649891022073824;22.666828974216287;27.650250417362273
21.466746370421227;29.01798661213667;22.876259921045936;26.639007096396167
21.46539244072306;28.93956882385163;22.87884419751154;26.71619453791376
21.056541558996077;28.762670576127114;23.534507652324574;26.64628021255223
21.063749509752817;29.09015087201942;22.988993640439062;26.8571059777887
21.075501246222732;29.092132254008867;22.99336083110925;26.839005668659155
21.057614006514658;29.118994299674267;22.993688925081432;26.82970276872964
21.05506063274846;29.14436691281079;22.99725628344963;26.803316170991128
21.073681424517343;29.169668720316427;22.964019468011585;26.79263038715464
21.116117890925235;29.127349991206902;22.9906331894725;26.76589892839536
21.059973668730215;29.16104092551612;22.998963556402142;26.78002184935152
21.0722471907867;29.117898031002763;23.002276147216165;26.80757863099437
21.073374992866515;29.13420932488729;22.99477829138846;26.79763739085773
21.23615460744838;29.469502853811637;22.766502623337537;26.527839915402446
21.124731743943936;29.083482882201643;23.003722302395797;26.788063071458623
21.11318435457769;29.13486792653054;22.964954324776045;26.786993394115722
21.092323101396335;29.121251399281213;22.962351970777117;26.824073528545338
21.009131288028364;29.129316602097475;22.99011598557872;26.87143612429544
21.55471755564274;28.908459570082623;22.86636959309509;26.67045328117955
21.16012053049659;29.00765351252432;23.031011371512925;26.801214585466155
21.09615246166346;29.129084345527662;22.94998508706071;26.824778105748166
21.2670797790972;28.96652752210324;22.842956778760144;26.923435920039413
21.098010834845404;29.092939648192935;23.01975107450323;26.78929844245843
21.08021348505213;29.11095742043245;22.974436600420184;26.834392494095233
20.487301207550022;29.03584874774922;22.822569475049423;27.654280569651334
20.79390028981684;28.430628986813517;22.755568257178556;28.019902466191088
21.770187296461412;27.941377245181968;22.47302687027959;27.815408588077027
21.81857585335219;27.60498233025497;22.52394195085375;28.052499865539094
21.882660229582683;27.40437791462394;22.503325660648095;28.209636195145283
21.74788834365699;27.23063309468265;22.4580484273188;28.563430134341566
21.868234564828427;27.604462623881332;22.469502220510726;28.057800590779518
21.786002047168164;27.59416092535845;22.545760936251057;28.074076091222327
22.066878840335228;27.32724927790664;22.75538076019635;27.85049112156178
21.786896608893038;27.530102313473243;22.57933659386613;28.10366448376759
21.851318992930057;27.511951728551637;22.597247217390287;28.03948206112802
21.78144524891087;27.52476705787507;22.572905846420984;28.120881846793072
21.791010372646944;27.519528748879495;22.570623639390448;28.11883723908311
21.78445118979657;27.515699188237097;22.589426196410418;28.110423425555915
21.76051460017891;27.52679339067357;22.573105318300957;28.139586690846563
21.782682314018633;27.511743316843273;22.581110816336086;28.12446355280201
21.842183420437873;27.44613038640726;22.621469828140306;28.090216365014562
21.762236902120158;27.535400021524442;22.59673614278564;28.10562693356976
21.779237542154277;27.525497601087274;22.597816471948246;28.097448384810203
21.76589628607566;27.50695642175463;22.596987466942625;28.130159825227093
21.77544494069706;27.57401060571305;22.596004641686118;28.054539811903766
21.820872954604845;27.486241021007;22.617587156823436;28.07529886756471
21.816070981080067;27.51574050870818;22.57040157874953;28.09778693146222
21.80752300085536;27.56138777042956;22.560657584545094;28.070431644169986
21.637327927000253;27.81387344406102;22.415497838119993;28.133300790818733
21.79815678423636;27.552126196271153;22.567817071438718;28.081899948053767
21.840057327953367;27.49578442526216;22.59065175779326;28.073506488991217
21.801907708172212;27.534519205980924;22.54251095643207;28.1210621294148
21.767078233477022;27.560416292641214;22.54961659692056;28.122888876961206
21.785555390775617;27.558598780801923;22.571165419109096;28.08468040931336
21.787494906047034;27.52508954633109;22.571134981466788;28.116280566155094
21.7854432905284;27.493296007376976;22.630859661709398;28.09040104038522
21.77360322677024;27.524275470570657;22.56797131759785;28.134149985061246
21.73580243076062;27.483408970812224;22.567490907960586;28.21329769046657
21.853035903164848;27.62202441082443;22.452016210498794;28.072923475511924
21.73490415007594;27.533845080251222;22.653585649193385;28.077665120479455
21.66225465186797;27.283771165638264;22.92251860265876;28.131455579835006
22.459690091135446;27.056591002489906;22.239224502622864;28.244494403751787
21.694498708173168;27.611065599596696;22.71157602873527;27.982859663494864
21.63294906388568;27.476647771436507;23.006791096161226;27.883612068516587
21.748594872116694;27.551292560764672;22.57559058515291;28.124521981965728
21.734467172297556;27.47824480286254;22.535500065344454;28.25178795949545
21.540926890872235;27.8349552685479;22.50878179753579;28.115336043044074
21.784448875372963;27.556410661005277;22.535037009410143;28.124103454211614
21.755221266785696;27.56924634528427;22.576121383763965;28.09941100416607
21.76705419563397;27.53889895036124;22.58183871784386;28.11220813616093
21.762943506740413;27.538744899857882;22.589483392346214;28.10882820105549
21.824453645905002;27.531305120154116;22.530617095535348;28.113624138405534
21.879690524381058;27.549297123482685;22.568109867159745;28.00290248497651
21.762758605289896;27.545022162180267;22.59816673551643;28.09405249701341
21.7648973241572;27.555386215162848;22.575508616515453;28.104207844164502
21.756064908125285;27.54163417827667;22.596288232092153;28.10601268150589
21.765163245369788;27.513141368563055;22.64070069577815;28.080994690289014
21.789447466818718;27.522803565862088;22.60180736763123;28.085941599687963
21.77932635660669;27.53486477878509;22.56581798436067;28.11999088024756
21.834063612793663;27.46065095415408;22.59560924596203;28.109676187090223
22.070490969394683;26.857966197662886;22.743039172135052;28.32850366080738
21.83878132284147;27.42023606697293;22.584128359395965;28.156854250789635
21.856898299230494;27.463907485386517;22.67623471411935;28.002959501263643
22.017235169650494;27.28683013941204;22.67959241862629;28.016342272311178
21.6957057374164;26.90109116508272;24.537838789158748;26.865364308342134
21.786091031581307;26.803812534812877;24.287950311332114;27.122146122273705
21.942597155652948;26.994641975369298;23.77859885567727;27.284162013300477
22.250873398768924;27.17304599686899;22.922505321440607;27.653575282921484
22.26905203212722;27.15099255916405;22.879898998039057;27.700056410669678
21.892926249261073;27.172445698801685;22.854785983455375;28.07984206848187
21.8851293874321;27.161816298201753;22.853844001178693;28.099210313187456
21.889823798000428;27.166078339956634;22.837991844829755;28.106106017213182
22.019301447059984;27.06060683632534;22.793114671367082;28.126977045247592
21.91158195600845;27.137131850379028;22.869702994904934;28.081583198707595
21.903717684650747;27.14810434891571;22.89254191891109;28.05563604752246
21.88378183351306;27.15892230230993;22.850077430130455;28.107218434046555
21.864644404792248;27.168553872573355;22.876054845244646;28.090746877389755
21.896962340396108;27.161317087411458;22.958990827097704;27.982729745094726
22.11565065018906;27.13991745826801;22.765839712256756;27.978592179286178
21.865764922350742;27.190114917831785;22.859764093591785;28.084356066225684
21.871119243268954;27.160177821227578;22.877308637408515;28.09139429809496
21.88864145085719;27.17641442281029;22.842310188189487;28.092633938143035
21.78594437514564;27.37790084026702;22.960501967019862;27.875652817567477
21.873448723509874;27.152134321556815;22.888189079953083;28.08622787498023
21.85950393348585;27.180571609963657;22.86263501066939;28.097289445881103
21.736911185649703;27.30634145155802;22.762626999173595;28.194120363618687
21.841294775380963;27.161772709281617;22.8957426281417;28.101189887195726
21.90414724809641;27.059195869507207;23.06491749564052;27.97173938675586
21.853670115148812;27.151441820613314;22.887056902850063;28.107831161387807
21.852513137840738;27.163843616814475;22.883937774743004;28.099705470601783
21.831803280229188;27.18116758114816;22.88657662300233;28.10045251562033
21.88022898551481;27.145433994377164;22.906382723236078;28.06795429687194
21.930521338190303;27.135991014192363;22.9341330371161;27.999354610501232
22.010181739494385;27.074429768490702;22.953615571000267;27.961772921014642
21.869175468181414;27.15112849080344;22.9130881961376;28.066607844877545
21.826862529487503;27.24974389338446;22.845023386371683;28.078370190756353
21.787070098090577;27.086218152802072;22.871305483239166;28.25540626586819
21.86013003299743;27.091690162141006;22.89037322968642;28.157806575175144
21.860779741430804;27.14092222910044;22.922765911562696;28.075532117906064
21.7455873361643;27.335462682378413;22.974584793641352;27.944365187815933
21.84393330772586;27.22850111652919;22.888685620536325;28.038879955208625
21.860502996112725;27.14951119352727;22.891679483284104;28.0983063270759
21.85914775695928;27.15210216863645;22.8687310269112;28.120019047493074
21.869981010217383;27.14855477502722;22.927355538523877;28.054108676231525
21.863752330409305;27.155438899743277;22.885537963106444;28.095270806740974
21.843988672444866;27.170170771475156;22.870677078863814;28.115163477216164
21.856620716525352;27.153874221537816;22.880758455629973;28.108746606306855
21.899612206871716;27.13716811849872;22.893364718654258;28.069854955975305
21.90299529347326;27.110243401122;22.890744771859094;28.096016533545647
21.837476002917068;27.16495895041154;22.89204228011884;28.10552276655255
21.860826421429824;27.14467386674017;22.885396045806498;28.109103666023504
21.857837900494676;27.14826800835842;22.887446389243074;28.106447701903832
21.937616613936886;27.233215393351678;22.81280616033597;28.016361832375463
21.933917214903698;27.193548286087356;22.91448128583372;27.958053213175223
21.679512864889112;27.124320687178148;23.540822419369015;27.65534402856372
21.740826867129663;27.03815356836186;22.970604108845823;28.250415455662658
21.793493389874865;27.10059625312337;23.04067423109684;28.065236125904924
21.596844278085236;28.193548222482477;22.594234071488533;27.61537342794376
21.84897591717308;27.150441540559505;22.88944274536283;28.11113979690458
21.86762772672105;27.132784749650586;22.9210745751345;28.078512948493866
21.846041158779073;27.157543494907866;22.886848501215233;28.109566845097827
21.965495630786695;27.08959547824853;22.951199612151026;27.99370927881375
21.896877913932006;27.090010703781104;22.950315866481574;28.062795515805316
21.906009244992298;27.042886492039038;23.055469953775038;27.99563430919363
21.815171497311567;27.132942924093495;22.864265845000904;28.187619733594026
21.85251186125173;27.1138377486701;22.85286750962899;28.18078288044918
21.92831259418296;27.129227838340462;22.870520167122777;28.071939400353802
22.078081122800622;27.040886073786318;22.92137775474052;27.959655048672545
21.85131122276378;27.16762100462342;22.843342396411522;28.137725376201278
21.913724028696542;27.151746666327863;22.850935517477957;28.083593787497634
21.84879024887989;27.16015633071034;22.866624601266096;28.124428819143677
21.91425709335066;27.13900395278319;22.913790069309076;28.032948884557072
21.853741044311707;27.157476503784395;22.870713636049338;28.118068815854556
21.877177952736172;27.138093753964366;22.887043246604154;28.097685046695307
21.819148883777967;27.186273399293775;22.810525434496753;28.18405228243151
21.864645263951417;27.36792934711401;22.82812823400066;27.93929715493391
21.878201967803477;27.158260273091685;22.850957107028787;28.11258065207605
21.92544638195677;27.07841704082698;23.007987887647488;27.98814868956876
21.87674004958652;27.149686630865254;22.853232736215958;28.120340583332265
21.960582463969818;26.94816024660402;22.887935496486122;28.203321792940038
21.882800073868005;27.154533052952633;22.866912496202353;28.095754376977013
21.81855506257864;26.941791934308984;23.185087080325808;28.054565922786573
22.24418312811882;27.173391502052148;22.71754215017569;27.864883219653354
22.0580258725647;27.02116317128643;22.771535057395003;28.14927589875386
21.771430626550973;26.900144953144327;23.412356512805758;27.91606790749894
21.87672966257423;27.128772899668075;22.92189290866019;28.0726045290975
21.84924536298432;27.14344717000996;22.883952456923197;28.123355010082523
21.838351084422218;27.132968705883037;22.824824550934807;28.203855658759934
21.804088757709764;27.15681200562294;22.67400449903409;28.365094737633207
21.89405030248104;27.135247626498526;22.8669470716272;28.10375499939323
21.879281029184337;27.146388769427503;22.839085992258905;28.135244209129258
21.87020691650991;27.13644913905368;22.852698596440458;28.140645347995946
21.67791566877132;27.436679004281878;22.999543819269487;27.885861507677312
21.828226852397716;27.192137310717712;22.77282756994391;28.20680826694066
21.889847408003835;27.080888952941013;22.881906859512288;28.147356779542864
21.726592772821483;27.280750000776848;22.715676495356;28.27698073104567
21.875506588134247;27.15056439250662;22.89351766268411;28.080411356675018
21.847833827893176;27.164708209693373;22.874460929772503;28.11299703264095
22.00988067794644;27.1071651225842;22.820342742812404;28.062611456656956
21.88025110750631;27.13954215798241;22.8666409642761;28.113565770235176
21.871868604609414;27.15839842283752;22.852862360586606;28.116870611966462
21.86343082403356;27.1642169032013;22.875270329260207;28.097081943504932
21.873307389097786;27.100246397184748;22.941863413931614;28.08458279978585
21.898878740498343;27.09691475636743;22.870475588326595;28.133730914807632
21.884260435187535;27.161120988908642;22.86069700344529;28.09392157245853
21.86860818787821;27.157451859388082;22.851556290337964;28.122383662395745
21.91397323813963;27.312388444878984;22.8138038448858;27.95983447209559
21.87830296438763;27.167844238030693;22.84581745577943;28.10803534180225
21.863975090941217;27.145572975377323;22.878190559174246;28.112261374507213
21.87078810378919;27.15645050643638;22.870102094346475;28.10265929542795
21.762131125962433;27.576140799872036;22.743184858981856;27.91854321518367
21.879249089872363;27.14639739838213;22.851566171448624;28.122787340296878
21.903998597422763;27.14393948881069;22.86952274804954;28.08253916571701
21.88975391218534;27.167092216356775;22.850451918106486;28.0927019533514
21.866870966035766;27.1433402626294;22.869241458453875;28.120547312880955
21.86583723966513;27.136626253605684;22.85598835995185;28.14154814677734
21.853306768914617;27.145828634438512;22.871713906222592;28.129150690424282
21.85747376665096;27.161389023475614;22.850723781584552;28.130413428288875
21.86973619531378;27.161887596264133;22.863018187776504;28.105358020645582
21.881173170596043;27.15376608103491;22.86411277185789;28.100947976511158
21.79230647031187;27.05325847785601;23.126556907175377;28.027878144656743
22.125977448481446;27.026450511945395;22.880394867585434;27.96717717198773
21.867066319427384;27.054362602984295;22.809416954667803;28.26915412292052
21.868287088476972;27.144364155574795;22.876453053999587;28.110895701948646
21.838367562682762;27.26561634142391;22.831359710819545;28.06465638507379
21.89535900132483;27.164285616728357;22.844079926792958;28.096275455153858
21.886711370441372;27.152101663415735;22.82920200134502;28.13198496479787
21.98583000435659;27.051105023370525;22.751740790241236;28.21132418203165
21.70416696500658;27.81597900345416;22.665603342065435;27.81425068947383
21.890508296155193;27.146880796029876;22.855782244724047;28.106828663090884
21.87796395826747;27.15560977466882;22.845962726750564;28.120463540313146
21.885736923168057;27.148125111071618;22.867239796220602;28.098898169539723
21.966052052066605;27.097308729368503;22.896877021360098;28.039762197204798
21.887019962985605;27.143190254416204;22.891576388932652;28.078213393665543
21.88588831802114;27.146195574228273;22.904507605476958;28.063408502273628
21.88521558042993;27.15340667771856;22.8472783570127;28.11409938483881
21.881559408266966;27.167306812699326;22.851960225314695;28.09917355371901
21.893199028202144;27.113547417089055;22.85660819317225;28.13664536153655
21.87600478438131;27.1635821125873;22.85185137550963;28.10856172752177
22.075014499592047;27.07872541213247;22.94044354006311;27.90581654821237
22.26850336695328;27.052849761486815;22.72331478781748;27.955332083742423
21.94464991710241;27.203502954555113;22.796752114951325;28.055095013391153
21.835592338153695;27.346082785196185;22.859525715520626;27.958799161129495
21.88479559371578;27.148901640294444;22.865901895635854;28.10040087035392
21.878030173676436;27.151139384464518;22.86397721701017;28.10685322484887
21.894443044599075;27.13103383349347;22.873258000116294;28.101265121791165
21.98383240961472;27.384317236153443;22.702019440001877;27.92983091422996
21.888441077847485;27.14475810843831;22.85097313035619;28.115827683358013
21.864606223860495;27.149925568866518;22.86722903523074;28.118239172042248
21.889096944420803;27.14911907396374;22.87499645359889;28.086787528016572
21.906262175879696;27.1448255575424;22.841756784303406;28.1071554822745
21.77978380744895;27.03532673845288;22.82301189371749;28.361877560380684
21.87936737751234;27.154070186374955;22.863357430364943;28.10320500574776
21.88398402011176;27.14056363419781;22.851880232622225;28.123572113068203
21.8775898788719;27.124577796405415;22.890309562235796;28.10752276248689
21.87101835520862;27.145196617908617;22.882344540823045;28.10144048605972
21.861198474304068;27.155547376873663;22.864736683618844;28.118517465203425
21.86898775109921;27.157404647056044;22.85049629307438;28.123111308770373
21.837685769818236;27.169869519813588;22.865435571923904;28.12700913844427
21.874402248282156;27.18869090534556;22.87365919691597;28.063247649456326
21.90490525087428;27.14184310183998;22.857599441056344;28.0956522062294
21.852292629940603;27.157809558350483;22.875451299724983;28.11444651198393
21.87454298064552;27.146995936577284;22.87716245360386;28.10129862917334
22.05200242384179;27.32697992985549;22.808902109844105;27.81211553645862
21.87759208116239;27.146883808330724;22.872002201786103;28.10352190872078
21.889078161305623;27.125485151548144;22.86298009932803;28.122456587818196
21.848408023126396;27.133886060641977;22.85231736202034;28.16538855421129
21.882692945115434;27.143596676461495;22.829402366401126;28.144308012021945
21.876139951300356;27.17458730290994;22.86253923284171;28.086733512947998
21.893883322470533;27.170442870872595;22.835264702524956;28.100409104131913
21.880830949123027;27.17739824326557;22.821766277457098;28.1200045301543
21.867301743310588;27.15582689121162;22.85330863590829;28.123562729569496
21.82926768668101;27.13291161256019;22.878600403831598;28.159220296927202
21.884333373155727;27.133422435935728;22.86191087748641;28.120333313422137
21.87176972120572;27.12924887765496;22.88489832874335;28.114083072395974
21.85575718954006;27.155009521833527;22.882966662467673;28.10626662615874
21.85289313633855;27.135963192623656;22.874349859612416;28.136793811425377
21.882056729218302;27.19343797946418;22.87167079743499;28.05283449388253
21.875582921615973;27.112764635717845;22.926168110743557;28.08548433192263
21.862601412762555;27.121115682544804;22.934554719327625;28.081728185365012
21.809939905002008;27.047086043139423;22.822145581876843;28.32082846998173
21.681615332684533;27.353691575265;22.809121754912017;28.155571337138447
21.665734740084147;27.32420961931563;23.205705223983205;27.804350416617012
22.104084592924643;27.10311687717086;22.684505934282736;28.108292595621766
21.79730098710067;26.993604117194415;22.795985404479598;28.413109491225313
21.828903648345474;27.06469151134125;22.988716038157754;28.11768880215552
22.28211450115988;26.810116571270292;22.809117961670154;28.09865096589967
21.86025197071552;27.139884769039163;22.90002845665165;28.09983480359367
21.754675619922473;27.381486631983883;22.773367018850223;28.09047072924342
21.75468924625218;27.029621024853327;22.779983006586324;28.43570672230817
21.6672456984037;26.90157069977509;23.085629651300994;28.345553950520213
21.6817707987577;26.9464773671264;23.46699488474988;27.90475694936602
21.91025022125674;27.083635047067347;22.9374849143133;28.068629817362616
21.866939568300246;27.12482116936958;22.906506824281283;28.10173243804889
21.87601367074564;27.102989731270497;22.873583211496964;28.147413386486896
21.877181168845144;27.160567849532786;22.86372287663693;28.09852810498513
21.861640899989265;27.11830217520847;22.874850563141006;28.145206361661256
21.851448372788216;27.136865744338312;22.886743977661858;28.124941905211614
21.854238343813027;27.154577945189228;22.859881065369557;28.131302645628185
21.73225492941506;27.589349937678797;22.76050903886244;27.917886094043702
21.84051799198949;27.132640461000207;22.895261766428675;28.131579780581635
