24.744669524147533;23.832072947664418;25.344604002293263;26.078653525894786
25.10746758573083;24.99327106971882;25.409150919076;24.490110425474345
24.95793806270576;25.13408152156511;25.079975898073304;24.828004517655824
25.031298807894377;24.92361968046584;25.144479788549184;24.900601723090602
24.913792403995163;24.93293325632736;25.118477819108247;25.034796520569223
24.92793848341004;25.092505301077082;25.16385147345847;24.815704742054407
25.093797393001527;24.96636796818547;25.09869704088274;24.841137597930267
24.891216237430463;24.919723363141536;25.247644505082047;24.941415894345955
25.043732575843762;24.875818511693137;25.27122521374755;24.809223698715552
25.08488440287681;24.963661057280838;25.099651482881413;24.851803056960943
24.907531094625266;24.95545020348343;25.215280820184695;24.921737881706612
24.99113356670438;24.95903689704178;25.080105824821015;24.969723711432827
25.08515118177327;24.994195470514075;25.075024899804056;24.845628447908595
24.933856396493436;25.117947851911353;25.102315292370704;24.845880459224503
24.94580678548792;24.964667491479577;25.216835488476182;24.872690234556323
24.925491798710826;24.98092248249215;25.23296119480616;24.86062452399086
24.92552695957073;25.12736155276564;25.075023198324587;24.87208828933904
24.988837999636146;24.95867744097664;25.120299501016902;24.932185058370315
25.08265492819273;24.96405433478773;25.087150420639208;24.86614031638033
24.94753081716641;25.00625318931238;25.073412256697047;24.97280373682417
25.084660559952532;24.9725802029065;25.07815416742187;24.864605069719094
25.07511350238248;24.93143257832737;25.066903163865046;24.92655075542511
24.93796265522008;25.131804466688823;25.10273181547302;24.827501062618072
24.96341343457181;25.119708839269155;25.11685550014905;24.800022226009986
24.938713611265737;25.066029069040198;25.081220762131718;24.914036557562348
25.063469290900464;24.981534718547653;25.114782953390392;24.840213037161494
24.95718381961045;24.98927990685899;25.242343799347733;24.811192474182825
25.093264505401052;24.95782376984909;25.099447993327793;24.849463731422063
24.91431283873728;25.12802932157459;25.06789602548255;24.88976181420557
24.950540353503424;24.9713355638627;25.099705268612375;24.978418814021502
24.936487013348682;24.946438185767594;25.15960863672651;24.957466164157214
24.92140883665817;24.9685616826269;25.056718613817452;25.053310866897483
24.949122626153592;24.96374819900339;25.106508058868997;24.980621115974014
25.076703054515985;24.990841984231764;25.077562786608514;24.854892174643734
25.090198375033996;24.96328627552241;25.10333234487498;24.843183004568612
24.97577725901616;24.87288157581625;25.142463817859817;25.008877347307774
24.94991719941749;24.970449657096776;25.09964390532562;24.979989238160112
24.989603399210345;25.0173526673234;25.134537076584607;24.85850685688165
24.933348060167297;24.94547166590615;25.23186395975558;24.88931631417097
25.087586589051703;24.94877434974615;25.09047148579301;24.87316757540914
24.95189885485988;24.9611040291541;25.10049666846661;24.98650044751941
24.918480683624473;25.128727962925453;25.08511918551189;24.867672167938185
25.059728981038027;24.936110278198818;25.070388730100657;24.9337720106625
24.944295697147115;24.9785867118227;25.02823801832152;25.048879572708664
25.002149023676314;24.956241431694394;25.01096743117566;25.030642113453627
24.94144726517252;24.974366830828558;25.009416266226243;25.074769637772683
24.907863105790998;24.99540852230415;24.992614519649475;25.104113852255377
24.969466858415423;24.95083646694009;25.04703703383091;25.03265964081358
25.082759011122928;24.97504566271271;25.022980337472028;24.919214988692335
25.073163073678472;24.925059685665367;25.01843887180763;24.983338368848525
24.940051397111006;25.12331339454556;25.015832014611;24.920803193732432
25.092280907981795;24.97087233101499;25.017736338566664;24.919110422436543
24.930068183055436;25.104720612044158;25.04196654757191;24.923244657328503
24.959812034882045;24.92810511619588;24.986973556134178;25.125109292787894
24.90644155556339;24.973215050227626;25.063085842076365;25.05725755213262
24.928641480431075;24.97077361977233;25.150877349694895;24.949707550101703
24.90738993426172;24.974232410180885;24.976632830586823;25.141744824970573
24.93457976136645;24.960953904815568;25.03097276008034;25.07349357373765
24.971725545662903;25.0042338683775;25.06321603473991;24.960824551219684
24.92918990392686;24.99423161134133;24.966907665063424;25.109670819668384
25.143621524165248;24.94085327807468;24.953490392561907;24.962034805198165
25.084487901542037;24.9949861032743;25.035022442800418;24.88550355238325
24.91276638694235;25.010555285665586;25.038098850712398;25.038579476679658
24.883319642485876;24.919581207227107;25.136207266727013;25.060891883560004
24.950967718442183;24.97212461081878;25.039600895799573;25.03730677493946
24.958573504937974;25.136845621437192;24.99018767683556;24.914393196789273
24.920497056806237;24.969744290454813;25.18442641299267;24.92533223974628
24.96286127558738;24.93361640960254;24.99560199316166;25.107920321648418
24.966243356115818;24.94270528264729;25.153786311286485;24.9372650499504
24.947068459858375;25.12704126710364;25.011615042399082;24.914275230638903
25.06812402494945;24.93664946729307;25.021536220815086;24.97369028694239
25.065028987911493;25.01406838046105;24.98660025162252;24.934302380004937
25.094626888177295;24.973809047797126;25.03326147778861;24.89830258623697
25.096686874447172;24.9655776953298;25.02268033751821;24.915055092704815
24.909709449900326;24.946951418239856;24.970573677642527;25.172765454217295
24.956462518668896;24.97422380034085;25.175853444478495;24.893460236511757
24.930514759411203;24.985748010335318;25.18556561384243;24.898171616411048
24.937683130703643;25.064601321836673;25.021271623654044;24.976443923805643
24.97180086858294;24.99200817567769;25.039876304779195;24.996314650960176
24.946504684422578;25.10533718583267;25.047949914343054;24.900208215401697
25.01032312111769;24.980950499520237;25.067471622556987;24.94125475680509
24.983382087878567;24.959565247923642;24.95986249397612;25.097190170221666
24.97830148432558;25.003089280197717;25.079990290833663;24.93861894464304
24.980527221934786;25.000867698918967;25.080897789910317;24.937707289235934
24.965235506622726;24.99691387968269;25.094070163249683;24.943780450444905
24.946947105114106;24.96204050139948;25.054762693683845;25.036249699802564
24.961836744138825;24.984689852466506;25.166940700668412;24.886532702726264
24.967411195021192;25.004988280452384;25.10285174364664;24.924748780879785
24.94117800889285;24.96369707927657;25.1147564562538;24.980368455576777
24.981155164626426;25.00889445788707;25.096868732261022;24.913081645225475
25.00373359700253;25.027569763087637;25.085320967954335;24.8833756719555
24.983988073132792;25.002518082136376;25.09720565926466;24.91628818546617
24.91524154470253;25.087735640560588;25.018146218152793;24.97887659658409
24.956012499252193;25.03575136879596;25.106065808743082;24.902170323208765
24.957076184115095;25.023038401482196;25.066575538141468;24.953309876261237
24.915683869170017;25.171116835736463;24.97493861695668;24.938260678136835
24.53940565526246;26.819425556283864;24.16861083739246;24.472557951061216
24.513018624174155;26.815970005955663;24.192986272071643;24.47802509779854
24.50214440882196;26.80256524616119;24.19638506313984;24.498905281877015
24.47460819867499;26.819080122961616;24.14235839694276;24.563953281420638
24.530319384967825;26.79219325546652;24.159635672971657;24.517851686594
24.523612289413407;26.753186081274976;24.13491137352542;24.588290255786198
24.483410331078385;26.79198079465486;24.118322194791528;24.60628667947522
24.52389618446199;26.8411793326358;24.157810458706912;24.4771140241953
24.516814498097713;26.84036225355947;24.17663077340445;24.46619247493837
24.522301829316472;26.821054716541816;24.158398177742455;24.49824527639926
24.425688923627362;26.966039665330023;24.118302256232784;24.48996915480983
24.515058169485144;26.800161865189047;24.138571245525174;24.546208719800635
24.514336648692534;26.83961839538968;24.168068413481482;24.477976542436302
24.488324406003382;26.8407533967997;24.112706266224237;24.558215930972683
24.513265629244728;26.82813967552945;24.151239154064914;24.50735554116091
24.517336616135065;26.853168458291098;24.152308662302527;24.477186263271307
24.526573194939736;26.816584452926218;24.148667423039818;24.508174929094228
24.544158720330937;26.770039904609956;24.13392027923021;24.551881095828897
24.523245953025032;26.78178941775087;24.142500214693634;24.552464414530466
24.534478742246353;26.819301950895007;24.146531755281117;24.49968755157752
24.511348468562115;26.809575768671966;24.18954275387141;24.489533008894508
24.495142910812852;26.83254790521229;24.15259463244051;24.519714551534353
24.512534818941504;26.805732636508527;24.219850311057375;24.46188223349259
24.515673982722426;26.798965911485073;24.194206486205914;24.49115361958659
24.48651817197483;26.768111724533572;24.205442737217737;24.539927366273865
24.522402287893232;26.808525125970313;24.158688546915428;24.510384039221027
24.524138408037558;26.82671595148044;24.18738914408426;24.461756496397744
24.523288334955613;26.821514580680677;24.181093616863876;24.474103467499834
24.44083771124304;26.669222400591153;24.247733956432377;24.64220593173343
24.528679136162438;26.685832950323295;24.289549762290978;24.49593815122329
24.525632910907415;26.813445496635254;24.184698567511774;24.476223024945558
24.557870831790872;26.762857020816128;24.144538257823847;24.534733889569154
24.463315779504214;26.83660441793021;24.239499329508007;24.460580473057572
24.504423174139216;26.78748197188928;24.24070499123182;24.467389862739683
24.52767671013848;26.811903273040542;24.184489311348095;24.47593070547288
24.48883880925406;26.78566053122725;24.211348373643336;24.514152285875355
24.524577308381232;26.816841676524128;24.203430197614242;24.4551508174804
24.514937888273238;26.797855184896257;24.201115986313802;24.486090940516704
24.49089662538406;26.7667756927928;24.175256782732983;24.567070899090158
24.530240257063284;26.795554877919596;24.202902728484197;24.47130213653292
24.486209880602754;26.923494362181415;24.170430204317984;24.419865552897846
24.51560379918589;26.824004259485086;24.189134877969188;24.471257063359843
24.486204799245222;26.77551753913346;24.171748488046816;24.566529173574505
24.528340830252233;26.799122936168633;24.21134431291392;24.461191920665215
24.526991355635978;26.79950908044101;24.198311559079382;24.47518800484363
24.45257807918954;26.79653509439252;24.11938777777968;24.63149904863826
24.52075381461233;26.792331790067532;24.19661041519823;24.490303980121915
24.526018528202957;26.82381746822377;24.193210440674946;24.456953562898327
24.521726427859647;26.81342752839465;24.211633012346816;24.45321303139889
24.49932525627058;26.88042918170141;24.186532616224863;24.433712945803148
24.51521273815869;26.713087184723495;24.304254092292478;24.467445984825336
24.527033603855113;26.794493261877587;24.204445905283993;24.47402722898331
24.499902485413376;26.804326137783306;24.237821686383157;24.45794969042016
24.5084036233965;26.855338972073366;24.187446412893664;24.44881099163647
24.508162637572887;26.80799480764148;24.22134697572698;24.46249557905865
24.57032574744918;26.821991927316947;24.13486200511626;24.47282032011761
24.474107141220948;26.946495360927702;24.018171456007153;24.561226041844193
24.630300493894055;26.858883511633678;23.951698591157772;24.55911740331449
24.623177787058633;26.853874874682383;24.021966183455607;24.50098115480338
24.54558519009792;27.000575184394794;24.067552327687388;24.3862872978199
24.525431917027415;26.894509933364446;24.145650983472006;24.434407166136136
24.512335765371418;26.841735446700266;24.21475469245562;24.431174095472695
24.50193531376818;26.839533404548533;24.20953169212202;24.448999589561264
24.470151167167646;26.869268494929273;24.19547535009574;24.46510498780734
24.51115165811254;26.802724804011763;24.206514336626974;24.479609201248724
24.47594949615239;26.670208728048152;24.096226708921815;24.75761506687765
24.46434595442117;26.69009868562735;24.1326091550222;24.71294620492928
24.450064446547884;26.777915127427264;24.097302517873484;24.674717908151365
24.517751859043305;26.781561177598938;24.17973470011021;24.520952263247544
24.524332518639977;26.80633148629703;24.222771140641257;24.446564854421734
24.485198946179242;26.778941648718156;24.313883877227113;24.42197552787548
24.521531901861042;26.82082031306079;24.204961820493313;24.45268596458486
24.51185769598582;26.818379282998624;24.2193513400042;24.450411681011357
24.523457923930682;26.825783626676962;24.218338803631095;24.432419645761257
24.539439045707606;26.85150519522329;24.19514526758334;24.413910491485762
24.519815118946152;26.815167453173398;24.22558537582549;24.439432052054965
24.54564563646054;26.80217306562213;24.20490020050357;24.447281097413757
24.47789796381906;26.870114750241076;24.11013139766256;24.541855888277304
24.516533477538104;26.81635923010675;24.205011115784416;24.46209617657073
24.517325524066717;26.813207166897847;24.213436137666225;24.456031171369215
24.512601314334354;26.80779197432903;24.17923244009204;24.500374271244578
24.482536527209607;26.89476505156406;24.182886768848196;24.439811652378136
24.525040601340606;26.800580455074062;24.20894348361198;24.46543545997335
24.529334335441515;26.79902005910973;24.203385824932433;24.468259780516323
24.51200632839031;26.81820195022367;24.21529436525373;24.454497356132293
24.523289971626657;26.848622428612384;24.17205776121596;24.456029838545
24.53946978233794;26.729657197082023;24.221057469900956;24.509815550679082
24.519652546341376;26.839863774823353;24.189282394999605;24.451201283835665
24.541507816811677;26.87766795999182;24.169787347988272;24.411036875208232
24.52328721024168;26.79639976601194;24.18730030751183;24.493012716234546
24.595895406904;26.715968802945355;24.292241538340804;24.395894251809846
24.487994184723924;26.748637609040767;24.266552472759994;24.496815733475312
24.490117985461694;26.877062142480625;24.16668293603535;24.466136936022334
24.51841661780444;26.819895879034895;24.207406830324377;24.454280672836294
24.517302609247658;26.826256479742995;24.20609593290054;24.450344978108813
24.46218322551115;26.905210474621942;24.154757185534525;24.477849114332383
24.503787040370007;26.82538475927719;24.201472187257092;24.469356013095712
23.98443936846477;27.061699947081795;24.350814203514037;24.603046480939398
24.15472368581818;26.812989696259233;24.84261063404755;24.189675983875038
24.78762510716729;26.280395188234806;25.240631352316807;23.6913483522811
24.811817981722527;26.175596290472146;25.28671287551977;23.72587285228556
24.809467498190223;26.135397944681095;25.28918633782327;23.765948219305415
24.814675159565873;26.232228438305853;25.194376930656937;23.758719471471334
24.81071584198646;26.155510190400115;25.296792490931285;23.736981476682136
24.78450879793482;26.190132386848962;25.253148223847315;23.7722105913689
24.841783313574506;26.172415252588777;25.213260659612775;23.772540774223945
24.783602161806208;26.272340023367995;25.25557314464148;23.688484670184316
24.861920244572318;26.10093027742589;25.26312389802857;23.77402557997322
24.830190388621027;26.123818961934198;25.27447288887335;23.771517760571427
24.81521237125029;26.156866062177915;25.279757727960998;23.748163838610793
24.81901381844071;26.229039449652035;25.251378280174976;23.70056845173228
24.746011725174817;26.078726173778794;25.355680453669414;23.81958164737697
24.760834741463963;26.096165627077113;25.209185703209723;23.9338139282492
24.834597954893482;26.114044538963192;25.209234053799072;23.842123452344254
24.812950820278633;26.143311262742795;25.288235170795293;23.755502746183275
24.885622829742196;26.08119830687224;25.260810297022356;23.772368566363205
24.791641450383;26.156621809190412;25.291159655622852;23.76057708480374
24.7767478738914;26.201206936062942;25.24774133512962;23.77430385491604
24.804526062769487;26.154543666188516;25.275808005376433;23.765122265665564
24.79920142108598;26.14598324647351;25.23499450919781;23.819820823242704
24.20186108036033;26.73532834168615;24.653160688833164;24.409649889120356
23.33728956999672;27.206757149535765;23.95206079426514;25.503892486202375
23.322009983973498;27.112510521631055;23.958616589109884;25.60686290528556
23.348951770429363;27.05480317914714;24.061554856871773;25.534690193551718
24.86295712247503;25.577710246071845;24.48504520077912;25.074287430674
24.98863924725988;25.57679709589431;24.06743615416223;25.36712750268358
25.209293020401173;25.871733531812303;22.816525069555237;26.102448378231287
25.195300039229686;25.86926333707531;22.809347796282545;26.12608882741246
24.232731041891018;26.338681381970318;23.490981007000737;25.937606569137923
24.098013759459732;26.521069852821157;23.51220296165716;25.868713426061944
24.06823066319646;27.000361638861193;22.738471827541765;26.192935870400586
23.562634017607824;25.55268228751835;23.916408246229643;26.96827544864418
23.4730004427221;25.47961933956964;23.851888194092233;27.195492023616026
23.49872250879728;25.540194246972774;23.78609873256554;27.1749845116644
23.580500005618763;25.422811853340676;23.57509529153081;27.42159284950975
23.432994105327953;25.72222556766606;23.22005660490977;27.624723722096213
23.265679520546527;25.829085588141382;23.055206521963846;27.85002836934824
23.806320624079085;25.331406494088892;24.534306116113008;26.32796676571902
23.865584479743085;25.332800213556073;24.459392855925344;26.3422224507755
23.79655698657881;25.26498652175773;24.429192874359963;26.509263617303496
23.859522000268196;25.26931301948182;24.590766545194477;26.280398435055506
23.8406990152733;25.3604945000933;24.5046787615365;26.2941277230969
24.005396903700994;25.304463092667156;24.44689722400167;26.243242779630176
23.964884620622325;25.296576116248247;24.448293300752315;26.290245962377114
23.679127573458857;25.283478954580467;24.18864514450398;26.848748327456697
24.389332803718585;24.75589265120101;23.277643721035947;27.57713082404446
25.205526563402653;24.828343054989343;24.24581653216068;25.720313849447322
25.170044170960633;24.82909859444699;24.2752860825626;25.725571152029776
25.190813370279237;24.821119200701926;24.277785549950448;25.710281879068393
25.25046718409294;24.82360025020412;24.21223700799523;25.713695557707712
25.16657463862944;24.85091652531705;24.261042099811313;25.7214667362422
25.126135093906782;24.804339705697654;24.38340841350443;25.686116786891137
25.20628714993429;24.78739576343937;24.30088746730769;25.705429619318654
25.199061191671273;24.831056488996552;24.21936345153722;25.75051886779496
25.166067384361845;24.865388653167315;24.25150291031182;25.717041052159022
25.234565942398234;24.729145807279533;24.29011246524283;25.746175785079405
25.121469916037498;24.569800550039364;24.93655126013116;25.372178273791977
25.188047809322633;24.63396556032193;24.62476176877976;25.553224861575675
25.117838338558713;24.598398239376113;24.437396147012684;25.846367275052494
25.160435247318354;24.602205975449248;24.438053370943663;25.799305406288735
25.12717546232914;24.599217227947086;24.463978154371773;25.809629155352
25.057279114761887;24.604330532506765;24.509559633537094;25.82883071919425
25.113124309209596;24.60827051879132;24.46580691949444;25.81279825250465
25.107461445110047;24.556898007253004;24.55764383567482;25.777996711962132
25.069755166110987;24.612983683816438;24.485685518120302;25.831575631952276
25.083334231439046;24.598556724157408;24.47888912705322;25.839219917350327
25.056342883916777;24.598813773000497;24.48154146082631;25.86330188225642
25.09176403377224;24.66036412642434;24.466929974419962;25.780941865383454
25.077711316483597;24.5580592813234;24.53140387812284;25.83282552407016
25.136119801824407;24.5860571935484;24.452797420546837;25.825025584080358
25.16081892842464;24.5568245552491;24.43267871434483;25.84967780198143
25.103361090052502;24.556383672789135;24.49089759823419;25.849357638924175
25.118989944442344;24.50435773676872;24.59054353877458;25.786108780014356
25.07862640893605;24.58752831875354;24.391255607926905;25.942589664383505
25.125275090075007;24.55420383423337;24.506876894150775;25.813644181540845
25.078953141519982;24.627248241169283;24.423866776761802;25.869931840548933
25.088553079742;24.59388775147338;24.461563970401016;25.855995198383606
25.119865117483503;24.64312649205278;24.422052232952083;25.81495615751163
25.146590639965723;24.584670399302887;24.4429338737641;25.82580508696729
25.08068692213911;24.609891195441573;24.461250075525257;25.848171806894054
25.102410513094025;24.550528027231746;24.546815147213835;25.80024631246039
25.181270337837564;24.596705787863232;24.392141171935773;25.82988270236343
25.10899073898505;24.595639467514214;24.474195868810817;25.821173924689923
25.13089288301712;24.60177061324118;24.43971790718446;25.827618596557244
25.19491249545486;24.600418437920606;24.410883954866577;25.793785111757956
25.220674144633186;24.556263292915563;24.429559685386643;25.79350287706461
25.082516268030492;24.580182341535746;24.504876731113807;25.83242465931995
25.095816774287783;24.598512881060916;24.451345314677653;25.854325029973644
25.223299827847395;24.544340207824515;24.453198238188886;25.779161726139204
25.09634450843481;24.59749963745174;24.4487830582992;25.857372795814253
25.08277225653041;24.6023569580782;24.459998780583405;25.854872004807984
25.09852457414585;24.578793493444078;24.493964832335312;25.828717100074766
25.07583905294245;24.554916163742398;24.4441629794963;25.92508180381885
25.106768238497818;24.55478081245324;24.446219320972215;25.89223162807673
24.972593435532016;24.498154525360007;24.627181354003444;25.902070685104533
25.154449989678934;24.584449008811703;24.443943437632214;25.817157563877146
