24.744669524147533;23.832072947664418;25.344604002293263;26.078653525894786
25.10746758573083;24.99327106971882;25.409150919076;24.490110425474345
24.950943560989895;25.226925826809758;24.985946189825587;24.836184422374757
25.02465502612591;25.016159100614587;25.052014151891427;24.907171721368076
24.908621329963022;25.0244235795508;25.026267564416845;25.040687526069338
24.920757967593875;25.185356140179806;25.07188162507252;24.822004267153797
25.087594490555382;25.058274158988723;25.00788948395445;24.846241866501444
24.88599959826476;25.01019501284589;25.157438470466214;24.94636691842313
25.037310341574443;24.968258957752205;25.179218466765953;24.8152122339074
25.079104738848258;25.055042727607862;25.00916355748769;24.856688976056194
24.90140825601946;25.048427158833785;25.12341486246303;24.926749722683724
24.98600773133975;25.0503449977232;24.98876090264895;24.974886368288104
25.079779308588968;25.088820481366504;24.976203633249526;24.855196576795
24.92777204721175;25.209381190152353;25.010611689746142;24.85223507288976
24.93871255202723;25.058102290092727;25.124632722665798;24.878552435214246
24.91977171253493;25.07517570719406;25.13606672972485;24.86898585054616
24.919457652183226;25.221418102809594;24.9813681636198;24.877756081387382
24.983734282648516;25.05064973945211;25.027677655721085;24.937938322178287
25.077143883622107;25.056969337247875;24.992096475265534;24.873790303864485
24.94270918117427;25.097912852543875;24.98046946137339;24.978908504908464
25.078472370948045;25.066582911167146;24.982969413880614;24.87197530400419
25.069768301928658;25.02250411435123;24.97453725105864;24.933190332661475
24.932940054980286;25.224386974893203;25.007738730326878;24.83493423979963
24.957529108282095;25.21267357689193;25.022028548698767;24.807768766127207
24.93578598072956;25.15640180800679;24.987179869920556;24.920632341343097
25.062941009827274;25.07999681431029;25.01071897307329;24.84634320278915
24.95712945821539;25.07520455896804;25.149189485410446;24.818476497406124
25.0931516452538;25.044094075804935;25.007924827562828;24.854829451378436
24.91397970871955;25.2146421689593;24.97604357172889;24.895334550592263
24.950919731839733;25.057924754068367;25.007547168381965;24.983608345709932
24.936710646795284;25.03217378970483;25.06833913439324;24.962776429106643
24.921706090497572;25.053569517027974;24.966043315654005;25.05868107682045
24.949096652864142;25.048977081722168;25.016551613925042;24.985374651488645
25.07680478632402;25.075720791286475;24.9870574730431;24.860416949346405
25.089788165783943;25.049270476966495;25.011803706866242;24.84913765038332
24.975128951383216;24.958931263983015;25.050631672742963;25.015308111890803
24.950094965823855;25.05581128612083;25.008412216886516;24.9856815311688
24.989697278093995;25.103655319485625;25.0422702211776;24.864377181242784
24.934418340700347;25.029657710967662;25.141445898013178;24.894478050318817
25.08797873149524;25.034028183915918;25.000458954311007;24.877534130277834
24.951735190778525;25.046662146335454;25.009759806036698;24.991842856849328
24.91800600145336;25.214310974363258;24.995971177505442;24.87171184667794
24.92002716480267;25.161553207767756;24.981990423547416;24.93642920388216
24.946467486413695;25.061138835648766;25.007280868184484;24.98511280975305
25.004474434581542;25.039084139750578;24.9935431037198;24.962898321948074
24.94298408038544;25.05695986594953;24.995898740175193;25.004157313489838
24.90934594585532;25.079346746867202;24.970222848957103;25.041084458320373
24.97141231088651;25.033518547933593;25.028437128538833;24.966632012641064
25.084394495798996;25.057948465999903;25.004832918825958;24.852824119375143
25.075529372122173;25.00772974944503;25.017653451726556;24.899087426706238
24.941671849554332;25.20701855443171;25.008348337073706;24.842961258940253
25.094179988422315;25.053212806697246;25.003599471582728;24.84900773329771
24.931872183714653;25.18790151410063;25.017675197000138;24.862551105184576
24.962774424283236;25.010228024899096;24.971755129072683;25.055242421744982
24.908907017334922;25.05714562248161;25.05696572126177;24.9769816389217
24.9309246511988;25.054130581163488;25.140895844833484;24.874048922804228
24.909366630078463;25.05772614392313;24.970564467877967;25.062342758120437
24.936204968350694;25.045193220923196;25.009225973597793;25.009375837128317
24.973854768788943;25.087429808912038;25.06251104796628;24.87620437433274
24.931291547449376;25.06827980610893;24.977871127447305;25.022557518994393
25.146317880599728;25.023849249049352;24.958970674668958;24.870862195681966
25.08716134119011;25.076272020470427;25.012470330343074;24.824096307996392
24.91527266192849;25.09141974400253;25.029857004360785;24.963450589708188
24.885261639688718;25.00096228521228;25.13549353155654;24.978282543542463
24.952502275192913;25.054799464369147;25.02395371170547;24.968744548732467
24.960796611268226;25.22033636766038;25.00788442487048;24.81098259620092
24.922747056293012;25.053630216745237;25.174555654535798;24.849067072425957
24.9652829207007;25.014492078039936;24.982500486828563;25.037724514430803
24.96871588217585;25.024755258452153;25.155296174451124;24.851232684920873
24.9493578644061;25.210052510341992;24.98735339408161;24.8532362311703
25.07091478124941;25.01829074005611;25.00759569933539;24.90319877935909
25.06785416730674;25.096083814219284;24.9853701029605;24.850691915513472
25.097072428354338;25.05640910603336;25.014395341273687;24.83212312433861
25.099408578523512;25.04820096379236;25.006939879839855;24.84545057784427
24.911843969824854;25.02878244092079;24.964517959172674;25.094855630081685
24.958572619126528;25.057476999890522;25.158131571127367;24.825818809855583
24.932892068423833;25.066981159070156;25.171550366173328;24.828576406332687
24.939719868735754;25.148256539055307;24.995374590735548;24.916649001473388
24.973372888880053;25.073379845885757;25.034205278048326;24.919041987185857
24.94836653737808;25.18912483443203;25.022819124308686;24.839689503881203
25.01218070220263;25.064245776861423;25.04125841508268;24.882315105853273
24.986641200099587;25.03959332766033;24.995225018672592;24.97854045356749
24.980525226727554;25.08622966182672;25.055114160054316;24.87813095139141
24.983179361086144;25.08436554406644;25.060067944483617;24.8723871503638
24.9673631285771;25.082157281552046;25.060978960085293;24.88950062978555
24.949212399093057;25.047918022837123;25.018396747077748;24.984472830992072
24.963180065535;25.069917512583356;25.11727664875271;24.849625773128928
24.96927218361996;25.09109642594538;25.053361192184926;24.88627019824974
24.943144772424716;25.04877326741844;25.066026890225185;24.942055069931655
24.982951803836148;25.09410756498483;25.051943722686737;24.870996908492284
25.00514087468074;25.113255584424564;25.037255247462763;24.84434829343193
24.985592030114674;25.089283277027874;25.04879870787711;24.87632598498034
24.916780402551968;25.172905335698648;24.974464223610106;24.93585003813927
24.958088739998566;25.122619376914486;25.0631178863038;24.85617399678315
24.958861317198078;25.10959372743074;25.020508868746695;24.911036086624485
24.91740256428048;25.256906248300513;24.95599616689389;24.86969502052512
24.54049208354023;26.898467362724155;24.316878338793153;24.244162214942463
24.51411265416441;26.895230324112397;24.339063979098114;24.251593042625082
24.503449167013443;26.881610577137;24.345078311522485;24.269861944327072
24.477238948764274;26.896896665272372;24.310671662379963;24.315192723583387
24.532019069034806;26.869612725875104;24.341734105324385;24.256634099765705
24.911467606657915;25.64781852250624;24.918698821245375;24.522015049590472
24.872387658238623;25.68961055764006;24.863433003520573;24.574568780600746
24.912739593700703;25.736976314132697;24.904737956599803;24.4455461355668
24.907827055462878;25.735425735829732;24.914415276717726;24.442331931989667
24.91233948221292;25.719230666571143;24.897237710318514;24.471192140897426
24.81334340020613;25.86823448889315;24.86004916255869;24.458372948342028
24.90285868574266;25.701203875649963;24.90913483021558;24.486802608391795
24.90396027510324;25.737728414273114;24.904489808598353;24.45382150202529
24.877741481927153;25.739383789085064;24.857078987023627;24.52579574196416
24.902311349077248;25.7306667812916;24.90462847417648;24.462393395454672
24.90674923864777;25.751739626044202;24.89334263402351;24.448168501284517
24.91424851234353;25.718976393952392;24.894602921498173;24.4721721722059
24.933362318810996;25.67004252224006;24.87923568153125;24.517359477417696
24.911023790841078;25.681575039091157;24.901395674325435;24.506005495742325
24.924003268792276;25.71733417955297;24.887462984894103;24.471199566760646
24.902574642939804;25.702132560501173;24.91818927817196;24.477103518387064
24.884608268989627;25.73332848416615;24.885588644093794;24.496474602750425
24.903393195066787;25.701084807828494;24.94503974513065;24.450482251974066
24.90637728618526;25.695934266759927;24.9215197425066;24.476168704548208
24.87751651981614;25.66416120173415;24.936830890146176;24.52149138830354
24.911893515682802;25.70843537660479;24.903960442222882;24.47571066548953
24.91572705842292;25.723590072203546;24.914563182343137;24.446119687030397
24.913307202750175;25.720584932281977;24.917705991616977;24.44840187335087
24.829469550726103;25.57312572772565;24.971047240832437;24.626357480715814
24.917771035081564;25.586966030723822;25.025066586249633;24.470196347944977
24.917117148045204;25.709929635401274;24.9127032683553;24.460249948198218
24.948456690805642;25.661057178900847;24.87082136114204;24.519664769151472
24.854135494653686;25.73855445744969;24.964508355239225;24.4428016926574
24.895200511815553;25.686855124739022;24.97112708025182;24.446817283193607
24.919003272299527;25.710446436408358;24.913257448508784;24.457292842783335
24.87922688788164;25.688463183101;24.932865817155562;24.4994441118618
24.91646309349885;25.716605652573087;24.924761406957558;24.442169846970504
24.906698296569395;25.69748012595773;24.927734648687778;24.468086928785095
24.882097897788785;25.666022485773304;24.94619726100942;24.50568235542849
24.921192730142234;25.697074440742767;24.927479251007927;24.454253578107068
24.87461802460102;25.83367902214298;24.885407380305786;24.406295572950214
24.906607820862895;25.723375027609734;24.919489500743875;24.4505276507835
24.877501034723128;25.676790615605803;24.900135603189124;24.54557274648194
24.920241439500114;25.699009734775697;24.931937756329944;24.448811069394246
24.918084738371448;25.701261230373206;24.918255484096573;24.462398547158774
24.843075883640573;25.7000638022445;24.843383611507928;24.613476702607002
24.910857485447764;25.69523032081821;24.93223068832891;24.461681505405117
24.916470252161588;25.723561544526163;24.918802192160772;24.441166011151473
24.912306932081723;25.715767126167254;24.929315735166078;24.442610206584945
24.888339350864978;25.78511182316312;24.920909861619343;24.40563896435256
24.904664527824405;25.623001544421232;25.03112995009815;24.44120397765621
24.919138820948607;25.6966616879716;24.92661568059702;24.45758381048277
24.891622229462858;25.705862796987546;24.96228466830376;24.44023030524584
24.900362772036193;25.75314778248482;24.917086062576637;24.429403382902354
24.899630783733535;25.7048888423368;24.946764775197046;24.44871559873262
24.964119407921494;25.731644766340878;24.85246102208093;24.451774803656694
24.86042795252791;25.862795692618956;24.778803228336642;24.497973126516488
25.01346995984172;25.780920154741914;24.762787563698488;24.442822321717873
25.008372127960193;25.77335684600118;24.815369801151963;24.40290122488666
24.997155285896376;25.856171950875357;24.85587651818129;24.290796245046977
24.915358630257913;25.799555830421316;24.89464884423585;24.39043669508492
24.905216951771543;25.73859773814219;24.930700990327313;24.425484319758954
24.89405973427273;25.736383380085677;24.92807070476439;24.441486180877202
24.861730764968726;25.77009170214108;24.91178421100187;24.456393321888324
24.9014627818458;25.705292983084988;24.941062010343593;24.45218222472562
24.86012903935027;25.589565010971015;24.903941399773053;24.646364549905662
24.950958995186955;24.97931692369954;25.04007978377441;25.029644297339093
24.93566040104541;25.01783248308054;25.00417280104085;25.042334314833205
25.010418340637518;25.017091526143908;25.030778365804963;24.94171176741361
25.0204595909645;25.059180567736146;25.044265338668513;24.876094502630846
24.9759635344967;25.044722393390987;25.12171192077581;24.8576021513365
25.0236221175753;25.061966189588148;24.98620315212516;24.92820854071139
25.015041246359033;25.059171953423338;24.99893408490369;24.926852715313938
25.02571451926806;25.07089972120139;25.00616557124148;24.89722018828907
25.041787341033544;25.093712148405295;24.96947286814082;24.895027642420338
25.022944290327644;25.056550876387007;25.015148948200473;24.905355885084877
25.048762212514426;25.039392059250602;24.97764014642166;24.934205581813313
24.977418053114913;25.10252390864689;24.85856749035954;25.061490547878655
25.01994575395751;25.052427694639317;24.96964080020122;24.957985751201953
25.019737248253627;25.053483490756438;24.99367814454433;24.93310111644561
25.003274075001052;24.93710138136862;24.950816117761928;25.108808425868396
24.97937507434566;25.01179937607202;25.041249851308677;24.967575698273645
25.020026937629524;25.00002542565082;24.9867362854887;24.993211351230958
25.02691213556984;24.990502609463867;24.98026672382275;25.00231853114354
25.00528642829681;25.001819355193057;25.005904322513317;24.986989893996814
25.016828854216623;24.963385525787942;25.03605209224837;24.983733527747074
25.030963871406726;24.917003482925953;24.89902924279159;25.15300340287573
25.01337297529247;25.01158231518027;24.975476095827013;24.999568613700244
25.035562187695703;24.98634179512402;25.029060010374423;24.949036006805855
25.013760628191612;24.95297399998738;24.93321676776731;25.100048604053704
24.962791579179044;24.895779060438976;25.050149003507205;25.09128035687478
24.979635006538324;24.925120019778177;25.000677096969316;25.094567876714187
24.983636124669957;25.00042292321927;25.02953956023793;24.986401391872846
25.012409643616902;25.021360301917323;24.983029620188038;24.98320043427774
25.011298289647186;25.032087830993422;24.985758819980123;24.970855059379268
24.955540263683776;24.989010622327353;25.032253099923835;25.023196014065043
24.999897543693887;25.023816434066013;24.981865233818333;24.994420788421767
24.495058748519902;25.212605080286966;25.15517592409038;25.13716024710276
24.64649704172447;24.94032013820918;25.703186102836952;24.7099967172294
25.460335410087907;24.54573729164068;25.671895208145955;24.322032090125457
25.48266597179079;24.528178222950288;25.61164436125707;24.377511444001847
25.478966816208004;24.50215321543842;25.62179255083084;24.397087417522737
25.48189044219582;24.4210998535947;25.60469112369304;24.492318580516432
25.484445152891794;24.500534400908993;25.63403653544723;24.380983910751983
25.458587589787708;24.54629480757041;25.580437075578672;24.41468052706321
25.508100852201704;24.449269831393043;25.509810298473596;24.532819017931665
25.455432171439785;24.52622214093984;25.673827771522845;24.34451791609753
25.480789655693943;24.50429851527464;25.577185496355735;24.437726332675684
25.503150138388385;24.48248861528585;25.598732873270247;24.41562837305552
25.48761232244686;24.492159413805165;25.623751118112814;24.396477145635163
25.488873098746744;24.50583377099488;25.69787965852101;24.307413471737362
25.26693162789759;24.388968466923558;25.61183852159703;24.732261383581818
25.433507438586616;24.430727882518408;25.545153347384314;24.590611331510665
25.499964539315943;24.354729605026044;25.563876719583963;24.58142913607405
25.48520876151915;24.513250077777244;25.625721520069405;24.3758196406342
25.551655165642973;24.3941368586004;25.559113239260476;24.495094736496146
25.465866330438487;24.50554929733523;25.644720024423428;24.383864347802852
25.447475648021356;24.469761726134735;25.671361517686453;24.411401108157456
25.475671088186896;24.48514420688849;25.58721139525825;24.45197330966636
25.468540689606783;24.451972601203988;25.532679161593485;24.54680754759574
24.926272200102606;24.260750858551877;24.830030947820763;25.98294599352475
24.13533199908972;23.309319609901998;23.524855658149217;29.030492732859063
24.119630522443625;23.825640798814604;24.42859986288343;27.62612881585834
24.143484853467605;23.793233437255477;24.459817299598814;27.603464409678104
24.11181962757433;23.82718394837397;24.519514504499814;27.541481919551885
24.2362190347592;23.79525362411149;23.966958378979726;28.001568962149587
24.746502287513458;24.330559932310212;23.105445285444254;27.817492494732075
24.72852768125353;24.937148975757317;23.769799344924387;26.564523998064764
23.82716205988186;24.77469633736679;24.13652335258769;27.261618250163654
23.70257219995707;24.889033371783075;24.10104374944825;27.3073506788116
24.714047370746954;25.161898519872818;23.271874420692786;26.852179688687443
24.074105305764494;25.41329447082236;22.674003321435162;27.83859690197798
24.32828479265684;25.477846411513877;24.129917828991744;26.063950966837535
24.35567205851112;25.618389806075687;24.038534490607265;25.987403644805923
24.534281443692752;24.30130179717985;24.669735970666498;26.4946807884609
24.421035030515842;23.962544937714238;24.808850987933003;26.807569043836914
23.746527098246748;24.366469833030976;24.594199213851546;27.29280385487073
24.271258824876764;25.076257525697276;24.36577259310068;26.28671105632528
24.226761848656018;25.05452172205473;24.41412251215765;26.3045939171316
24.296107383009627;25.096507041064754;24.228471188178606;26.378914387747017
24.35953962336027;24.979865282573858;24.381408571922385;26.279186522143487
24.297375661027;25.100904433205386;24.317380038455475;26.28433986731214
24.340575292586546;25.02759859958172;24.408869631133705;26.222956476698027
24.472905232859834;25.019682976270513;24.253452828597062;26.253958962272588
24.394956858821388;25.010223091774613;24.65825856550006;25.936561483903937
24.83719019904889;23.5583300092215;23.69473507276669;27.90974471896292
24.86932855814126;24.00789359026256;24.7828837792823;26.33989407231388
24.818375244341293;24.0348859766601;24.823361403853212;26.323377375145395
24.816931755856775;24.026365274621956;24.829389641933712;26.32731332758756
24.79391135558366;24.027259260644566;24.868250543322837;26.310578840448933
24.8154571690231;24.065497824079156;24.812072489715632;26.30697251718211
24.75107442798417;24.071209474551182;24.9085664528172;26.269149644647445
24.707497284988094;23.995964151471735;25.103451954290012;26.193086609250155
24.81706405612272;24.02705855166442;24.881720843535675;26.274156548677187
24.816920302391257;24.063880249660283;24.82360832175172;26.295591126196737
24.907963965534144;23.90331260008061;24.806875742094313;26.381847692290933
24.835569650796117;23.674954168896974;25.34456530481497;26.144910875491938
25.187498666159136;24.992416786697767;24.554252249686613;25.26583229745648
25.158992754037264;24.90362371868485;24.39856297314883;25.538820554129053
25.1400802161369;24.90339073412004;24.438952473355418;25.51757657638764
25.0363887005633;24.8679879779361;24.53363034264067;25.561992978859934
25.07593709732518;24.904399069399453;24.471717624269644;25.54794620900573
25.128027824919748;24.887207313738173;24.436581329310336;25.548183532031743
25.030961203339835;24.915460292256718;24.547938026464728;25.505640477938723
25.083567550862135;24.910455528797094;24.451690448006623;25.554286472334148
25.09893070640734;24.90779303021851;24.445790521885662;25.54748574148849
25.05489493003006;24.904247082923817;24.535076334719815;25.505781652326316
25.015384288733355;24.868185656974106;24.52920049654371;25.58722955774883
25.095011467343543;24.901653511044785;24.435739997317324;25.56759502429435
25.14692555017559;24.866695652377544;24.417664318928164;25.5687144785187
25.051770703294114;24.858162097160584;24.555814890293707;25.5342523092516
25.12671638486026;24.817965183720982;24.41231023015149;25.643008201267264
25.148090542332667;24.848018602555882;24.594768260997903;25.409122594113548
25.053950247732278;24.879614524344955;24.52341425618271;25.54302097174006
25.0368434472664;24.917792890654084;24.523198765793687;25.522164896285833
25.07665566916887;24.926219037411165;24.379263275528253;25.617862017891717
25.08654291271813;24.89883188101634;24.43726967985298;25.57735552641255
25.061607326746515;24.93848714852836;24.463087565353273;25.536817959371856
25.079042481583265;24.88332512723074;24.48607023122411;25.551562159961883
25.07523054641836;24.92102645595196;24.450038764114066;25.553704233515617
25.07878421235273;24.911361962006172;24.44208975332033;25.56776407232077
25.084344552166144;24.901332442449725;24.459187493635238;25.555135511748894
25.105786505887977;24.89851979752476;24.43656062880304;25.559133067784224
25.111473109713323;24.90879472841637;24.401792505620044;25.57793965625026
25.16623267969478;24.90835268543475;24.418285537671224;25.50712909719925
25.10880295997288;24.879845049240238;24.494386244831908;25.516965745954973
25.08193485644425;24.95133167017804;24.426729662692814;25.5400038106849
25.068430743676196;24.907269592412113;24.462536306892204;25.561763357019483
25.11928162794701;24.85213401818349;24.53726575041936;25.491318603450143
25.088234597437054;24.90954024696356;24.43597688996462;25.566248265634766
25.077615709496232;24.919406104410676;24.433700526842863;25.56927765925023
25.082055681882625;24.89458346519928;24.470831862227676;25.552528990690416
24.984660640362595;24.938099656700164;24.519676524467336;25.557563178469906
25.22453059449979;24.870781110074798;24.339116443777243;25.565571851648166
24.988656256851378;24.79517052465603;24.591969560428556;25.624203658064033
25.10234189878068;24.83746774601939;24.52681965140088;25.53337070379905
