24.744669524147533;23.832072947664418;25.344604002293263;26.078653525894786
24.839089741158723;23.68059979418827;25.409439642407445;26.070870822245563
24.691085798079147;23.81631253286176;25.402810146802246;26.08979152225685
24.76511544170873;23.612232936013935;25.46305064343884;26.159600978838494
24.648041082896043;23.62240705525862;25.436601662022074;26.292950199823263
24.66072888883534;23.779060748768444;25.481252174332113;26.078958188064107
24.826308243838223;23.649587105914165;25.41717657915977;26.106928071087847
24.623431134022017;23.60510657245889;25.56415309156287;26.20730920195623
24.778207840065456;23.568320706309915;25.588036622067744;26.065434831556882
24.816784192070287;23.647879088265245;25.418249076686333;26.11708764297813
24.641324515110373;23.65326782126818;25.533923842992216;26.171483820629238
24.724090760228496;23.643820589437198;25.398141090479104;26.233947559855203
24.820930571514026;23.708376416687372;25.394567573324885;26.076125438473714
24.66668441712564;23.807739707269572;25.42068587773484;26.104889997869947
24.67987696853564;23.654244936261712;25.53464787361287;26.131230221589774
24.6617849817039;23.68406093573348;25.553016339613094;26.101137742949525
24.658326590704192;23.820418906160942;25.394599685890068;26.1266548172448
24.722257319982763;23.645598005936687;25.440647751917417;26.191496922163132
24.82099636766085;23.665541170287188;25.406710141675116;26.10675232037685
24.68356853298822;23.697896824851117;25.39197361432658;26.226561027834077
24.820051239647015;23.668611552739463;25.39712662931814;26.11421057829538
24.804831971311742;23.61854913633432;25.386230760582052;26.19038813177189
24.671854526548348;23.82195114268449;25.421503055256757;26.08469127551041
24.698455917082228;23.81404174573055;25.43535509101326;26.052147246173956
24.671733500321416;23.757859216801197;25.401071842793364;26.16933544008402
24.796857219437847;23.6685387721495;25.432788770422015;26.10181523799064
24.69119906797564;23.678216828454033;25.56203732132501;26.068546782245317
24.825172350466623;23.63593829914759;25.417423945828293;26.121465404557494
24.6477981277558;23.811108589495063;25.386615121698103;26.15447816105104
24.683338844765863;23.651507765059186;25.417893481244274;26.24725990893068
24.998310495941848;24.72449944264932;25.14884345092529;25.128346610483536
24.98385923997856;24.745757563747205;25.04460702296229;25.225776173311942
25.006884851044642;24.740480355700655;25.096673297051712;25.155961496202988
25.141129529657945;24.76766240455861;25.065023127225533;25.02618493855791
25.150429372981502;24.746729472697236;25.090488309446208;25.012352844875057
25.1292804515651;24.656861455020856;25.041172177356728;25.172685916057315
25.01272592712944;24.75280398941978;25.088149870057663;25.146320213393114
25.05192761221483;24.787255225854647;25.122951910849878;25.037865251080643
24.99647626340368;24.7175525222702;25.2208053309393;25.06516588338682
25.148397108902476;24.721536473485973;25.081668521903723;25.048397895707826
25.015205287823772;24.739126575391104;25.090122151885208;25.15554598489992
24.980246974373664;24.90530112265827;25.074815284029484;25.039636618938584
25.12340629219928;24.71770864389079;25.05937772624315;25.099507337666783
25.0077274348673;24.75483294792248;25.08695456491473;25.150485052295483
25.066423970585944;24.734878495086665;25.07409468852809;25.1246028457993
25.009090321358272;24.748096264354395;25.071685545510842;25.171127868776495
24.97140472650996;24.771144667866366;25.049943927183584;25.207506678440094
25.035204150193834;24.724097706620412;25.106195892792684;25.13450225039307
25.14663993679592;24.754631631762507;25.084694876812026;25.014033554629545
25.142510118459104;24.705518587229818;25.096666925876963;25.05530436843411
25.009046673487646;24.915328646819702;25.08604901919364;24.989575660499007
25.15576514734882;24.751425172241557;25.08258614304343;25.010223537366194
24.994956446444547;24.879131845015795;25.095268158564103;25.030643549975558
25.029520956645314;24.702286465080263;25.04740908561724;25.220783492657183
24.978680838661624;24.759984024122137;25.134193775884338;25.1271413613319
24.99727336041485;24.761535360513868;25.218717440852394;25.02247383821889
24.978965882254737;24.75891096824901;25.045817072981556;25.216306076514694
24.9989602905941;24.746919743800618;25.089218307128284;25.164901658477
25.042159336789144;24.790351965728966;25.13880165857226;25.02868703890963
25.011966815841063;24.767772329006704;25.04522384732772;25.175037007824514
25.219543441559328;24.72175126333077;25.03685687182282;25.02184842328708
25.15143588574884;24.771007834961733;25.088230792518523;24.9893254867709
24.98360110188763;24.79324816506129;25.103181792970847;25.11996894008024
24.957714396125347;24.703359224224272;25.21146575752933;25.12746062212105
25.01740827876554;24.75045705836508;25.10011581239848;25.1320188504709
25.038558918584403;24.925805402146253;25.07992176059346;24.95571391867588
24.990650857900203;24.74932836622846;25.249274635526742;25.01074614034459
25.02864674577479;24.710600198196385;25.061353660242077;25.19939939578675
25.04145082794651;24.726565999765675;25.229380593504036;25.00260257878378
25.008477745963276;24.90262199132874;25.065936992426302;25.022963270281686
25.130871257470627;24.719966041013546;25.084425607947647;25.064737093568183
25.13615672762618;24.79868829751587;25.064838688572234;25.000316286285717
25.157809324845807;24.75127704853891;25.093061266443513;24.997852360171766
25.159660852588573;24.746013868160944;25.08541846158268;25.008906817667796
24.974335860803468;24.728048717014524;25.04491455069023;25.252700871491783
25.16833045164063;24.752666605346132;25.088564105218587;24.990438837794652
24.994602974521694;24.7665514818276;25.25130579039257;24.987539753258137
24.997949400569524;24.838545726120067;25.076565075538838;25.086939797771567
25.038481654903727;24.770507709375607;25.11422332487296;25.076787310847703
25.007852499197792;24.880143386974552;25.106017219190896;25.005986894636763
25.072455479431703;24.75563451836975;25.12136571336895;25.050544288829602
25.068209097766992;24.758471789192825;25.066574011794916;25.106745101245266
25.040752733890532;24.780052934417522;25.134432529214706;25.04476180247724
25.044076192075327;24.78313060437662;25.140220413250624;25.032572790297426
25.02481305872853;24.7730309351202;25.15286026579011;25.04929574036116
25.00734128380283;24.737119142648123;25.099603629640782;25.15593594390827
25.016091706581996;24.758229732881258;25.200975907288807;25.024702653247942
25.023420281167606;24.780889827037388;25.136862571381872;25.05882732041313
24.997702477147364;24.736311576790843;25.148957578465396;25.11702836759639
25.037037149792962;24.78339974586788;25.134724654050377;25.044838450288783
25.05883170912323;24.798820753936123;25.12022931583054;25.022118221110105
25.03881339810051;24.773867260100904;25.131012039650795;25.05630730214779
24.971741959336185;24.864883822372185;25.059164701816478;25.10420951647515
25.01536764320185;24.812760635228702;25.146955649391522;25.024916072177927
25.0162762891443;24.798015052975693;25.104154427772674;25.081554230107333
24.972422771570532;24.949580837380054;25.039260746492413;25.038735644556997
24.589479928482046;26.617410590056473;24.39518836783425;24.397921113627234
24.560393552438768;26.613243162033495;24.41624336567367;24.41011991985406
24.549509461903202;26.607811587805607;24.42121488274075;24.421464067550442
24.536216581071585;26.625636089060656;24.382850319797846;24.455297010069913
24.59879400182675;26.602965917683285;24.411788733493076;24.38645134699689
24.60168497387224;26.56813213181188;24.40472699157513;24.425455902740747
24.539714989669296;26.59332569710127;24.35462035169343;24.512338961536
24.581577242078904;26.644619116193336;24.39357601756812;24.38022762415964
24.57095316737286;26.638911972909963;24.405400852903643;24.38473400681353
24.578017205953735;26.618370485052793;24.387405809450417;24.41620649954305
24.486262206110354;26.77319231712932;24.354692063610436;24.385853413149892
24.595649001495925;26.60942746853849;24.40042027135878;24.3945032586068
24.57340317892036;26.62870066166902;24.39331707933603;24.40457908007459
24.550135519874676;26.644746583203737;24.345936405073772;24.45918149184782
24.578134246102408;26.63394686872608;24.39976947923936;24.388149405932147
24.575369707561983;26.655423500531196;24.384399222234247;24.38480756967258
24.587673508726407;26.62044260521731;24.385478343212814;24.40640554284347
24.599410253505255;26.56921253839017;24.374487323036075;24.4568898850685
24.593247241596462;26.589107832970267;24.391980323550243;24.42566460188303
24.59294206555554;26.621760362101206;24.37819324569914;24.407104326644117
24.565330868319375;26.603101989706303;24.403711992061552;24.427855149912766
24.551718423253206;26.631828434727495;24.374164255632458;24.44228888638684
24.56521165566708;26.5974528198769;24.430276692058058;24.40705883239796
24.566538649794882;26.58983049081167;24.41018937443681;24.433441484956635
24.54027295717966;26.566579589126444;24.42410397072194;24.46904348297195
24.582470307543066;26.612599796312864;24.394037571458192;24.41089232468588
24.575630883669454;26.621322145410186;24.401806154333215;24.40124081658714
24.576635230280775;26.613651716304034;24.403740106769735;24.405972946645456
24.49321273882519;26.462817310710985;24.462929829776712;24.581040120687117
24.586744349696012;26.483837646548043;24.51065664887766;24.41876135487828
24.57889566151644;26.606535543011635;24.40187412926097;24.412694666210957
24.610193336131335;26.55455442199755;24.35780373344383;24.477448508427287
24.517281704781706;26.629417879417876;24.454261954261955;24.39903846153846
24.55940421973642;26.58011043528547;24.45957354102557;24.40091180395254
24.58342836857481;26.60752918830444;24.401242726058435;24.40779971706231
24.539349244105473;26.57619856774998;24.422007784220344;24.4624444039242
24.5732625002645;26.6099777291098;24.41366988298525;24.40308988764045
24.56759070907209;26.5933641221837;24.415119771917183;24.42392539682703
24.544270718050075;26.560199684027225;24.432855077149842;24.462674520772854
24.5840233858329;26.588741677688983;24.415979392902;24.41125554357612
24.538326137335392;26.71712722663931;24.377314005865237;24.367232630160064
24.565434781637872;26.610839594326784;24.40861651940407;24.415109104631274
24.53913325259358;26.568417412284017;24.39031613086376;24.502133204258648
24.578877042141883;26.588439605442776;24.420900028623013;24.41178332379233
24.578398340572043;26.590837220198633;24.415535895647828;24.4152285435815
24.502950751733028;26.588429032018706;24.37400602973012;24.534614186518148
24.577380700342975;26.58854215183978;24.421967226997502;24.41210992081975
24.578196649854092;26.616694211304814;24.406892892797458;24.39821624604364
24.577780414608025;26.603151827580568;24.409808231185693;24.409259526625718
24.560006365555573;26.679194621782727;24.410788262321837;24.350010750339862
24.617098114467158;26.508099186307284;24.479352400569635;24.39545029865592
24.580500961651396;26.584326404905145;24.416281306576156;24.4188913268673
24.553791255206004;26.596653918712672;24.453653201122844;24.395901624958483
24.569655508502024;26.644980231004407;24.398748026441826;24.386616234051747
24.56107947006919;26.597376043619015;24.432835487376014;24.40870899893578
24.62726928342593;26.580712691718293;24.336950248453533;24.45506777640224
24.534680582934953;26.745245637481553;24.276224778474308;24.443849001109186
24.68521235259408;26.656004723003747;24.260412041572987;24.398370882829187
24.677461423697693;26.649521643418296;24.312894935436642;24.360121997447372
24.600869791871478;26.795359486017524;24.35142319929871;24.252347522812286
24.58270370120924;26.689603773650532;24.384794475110517;24.342898050029707
24.557251956696426;26.626432502849013;24.419775270787945;24.39654026966662
24.550563305769174;26.627779874981016;24.417403170087866;24.404253649161948
24.520205989629595;26.702853173911755;24.40072845832727;24.376212378131385
24.55891379556377;26.591689465480194;24.433659719941584;24.41573701901445
24.531913003750912;26.471018178588228;24.40074866834144;24.59632014931942
24.513636562053634;26.482708539246;24.436219661637846;24.56743523706252
24.505098199231927;26.57580136087518;24.40369420149613;24.515406238396768
24.57069426771762;26.577985646736195;24.417028471925946;24.434291613620243
24.5725148476673;26.589797936242636;24.42947699995701;24.408210216133053
24.53511478629266;26.56969781732677;24.51501006692832;24.38017732945225
24.57148253563016;26.60606511136429;24.41023713665946;24.412215216346084
24.56085681213171;26.607324568692796;24.422287437056994;24.409531182118503
24.56768928107372;26.60651697080705;24.416080041885618;24.409713706233617
24.586961717507485;26.641161834813538;24.39470831020599;24.37716813747299
24.563814943541516;26.599397180211515;24.42199741312074;24.41479046312623
24.595842054293836;26.59294200951756;24.412213770266472;24.39900216592213
24.54757717101066;26.67063862896567;24.368464795763604;24.413319404260065
24.57158514996773;26.606728447659417;24.41498944210826;24.40669696026459
24.56422142259643;26.598448467376194;24.418086213539667;24.419243896487707
24.581139170434458;26.60834005730755;24.40964598230257;24.40087478995542
24.53307544188376;26.68338611729136;24.392392841849283;24.391145598975598
24.57604705713218;26.585292747415796;24.41702443930117;24.421635756150852
24.581351587720885;26.581039683919162;24.415300599006443;24.422308129353514
24.562539014563377;26.604035058684083;24.424575964488078;24.408849962264462
24.57517645650986;26.637355833761482;24.384562855269696;24.402904854458964
24.597002597926405;26.522092754276493;24.497726814396543;24.383177833400556
24.575632248594616;26.629233133659596;24.399179419438273;24.39595519830751
24.593129179078392;26.664346016245037;24.375986064469995;24.366538740206575
24.585986577418527;26.594101249972766;24.41376052970481;24.406151642903893
24.6549794472468;26.510299481033638;24.507552771546752;24.327168300172808
24.545189622852202;26.537717037210445;24.479126325043236;24.437967014894113
24.540541701472264;26.658457589453505;24.377509948679165;24.423490760395065
24.570738490064286;26.60712290307115;24.414742805318408;24.40739580154615
24.566665530548327;26.613468786181492;24.411878013941205;24.40798766932897
24.51590687782969;26.69764245040202;24.364683655664724;24.421767016103573
24.554828467724505;26.617352224367046;24.413108449539028;24.414710858369418
24.035473732830955;27.529590193777793;24.563955581800638;23.87098049159061
24.21324488229457;27.492556047636757;25.07243454599173;23.221764524076942
24.84625901380026;27.029928956744843;25.487983720263024;22.63582830919187
24.87227798540524;26.926399220595727;25.540588542407523;22.660734251591506
24.866691412490535;26.88876316120814;25.534787777307205;22.709757648994113
24.88899132589036;26.980029375475446;25.46657668773286;22.664402610901334
24.86792926412798;26.9073148158368;25.546647960307855;22.678107959727367
24.84580310793572;26.940986270687645;25.506544684470008;22.70666593690663
24.92220030119323;26.911768856004493;25.489567272046244;22.676463570756038
24.842203307537577;27.020678017001877;25.510967070206476;22.626151605254073
24.92476334613876;26.85122969056602;25.516753941610155;22.707253021685073
24.889507570549448;26.875947262466116;25.527029615388592;22.707515551595854
24.873507708682492;26.908226566161225;25.528209568139033;22.690056157017242
24.876860890095717;26.97906408507868;25.496821086722733;22.64725393810287
24.808360372113903;26.829467171193222;25.61056244162005;22.751610015072828
24.820725105319426;26.922272719136814;25.465781153640254;22.79122102190351
24.90242957211747;26.960889673011472;25.469097372921933;22.667583381949118
24.872494600085677;25.33873311062198;25.536065343279972;24.252706946012367
24.959561506348116;25.277378346214213;25.53925368899816;24.223806458439515
24.848870705951246;25.353132823215475;25.539141131298365;24.25885533953492
24.837173238360077;25.40081140692208;25.490808861828373;24.271206492889466
24.884341839840786;25.35360281818343;25.520746697019103;24.24130864495668
24.873004852443007;25.34169286172063;25.500694296090582;24.28460798974578
24.49980492011629;25.765259650794626;25.07581232289382;24.659123106195263
23.865843222272932;25.97195915107257;24.52735623003195;25.634841396622548
23.84987268572797;25.945035274297148;24.536894888522955;25.668197151451928
23.88521463460391;25.849518555626094;24.64889158359378;25.61637522617622
23.84173479149954;25.91841695555029;24.633177317273763;25.606670935676405
23.922139633660738;25.92553756304752;24.236235731351208;25.916087071940535
23.994725897228246;26.26792794772561;23.115844419394264;26.621501735651876
23.97229915017241;26.299075507045693;23.105298525698462;26.623326817083438
23.043256426099422;26.615296064077782;23.730957587147838;26.61048992267495
22.91940402215976;26.756634010251084;23.711738938432784;26.612223029156368
22.815290996432008;27.402044993010357;22.947525147120928;26.835138863436708
22.239037251604678;28.032214706472125;22.318402646108762;27.410345395814428
22.128231070203867;27.992595510748597;22.26486046074367;27.61431295830386
22.150500290129845;28.13775545304143;22.165066089348606;27.54667816748012
22.388397587808026;27.788320949120905;22.52240825300186;27.30087321006921
22.295634503499567;28.014505741344763;22.41698039449683;27.272879360658838
22.25396353074921;28.174831357144868;22.25229763862664;27.318907473479285
22.062380853211156;28.470152150526374;21.99836352232104;27.469103473941438
22.026889730605678;28.575019967335635;21.920782557737674;27.47730774432101
22.08995644949237;28.455680282667444;21.90170549996348;27.55265776787671
22.171177992190998;28.35802105265635;22.072991876260787;27.397809078891868
22.10015437895736;28.496812916490523;21.96561741573629;27.437415288815824
22.150426053923642;28.558243934877027;21.917920059351147;27.37340995184819
22.264812640529197;28.398408422926693;21.918078033831883;27.418700902712228
22.581234880953723;26.2754573956769;23.918190064323326;27.22511765904605
23.40390287941962;25.443113813247358;23.377048040044905;27.775935267288116
23.42827812301672;25.299834805805993;23.485945352183663;27.785941718993623
23.359827279476384;25.305700128020515;23.472687982634415;27.861784609868685
23.361938375372098;25.32665207345728;23.480539230191873;27.83087032097875
23.40049760261251;25.39531265043358;23.418661696097566;27.785528050856346
23.350524250323204;25.329256911846088;23.461554327682332;27.858664510148373
23.33139820406995;25.345965336793803;23.53076530296969;27.791871156166557
23.330151434189162;25.340528674519142;23.51395057729977;27.815369313991933
23.35724427860189;25.34573280283949;23.430554781548043;27.866468137010582
23.35613964392146;25.337976064975553;23.463223083925726;27.84266120717726
23.448452965494628;25.199706663806552;23.49588902055882;27.855951350139996
23.46338735716154;24.978232983049132;24.194863192130434;27.363516467658894
23.703305741735644;24.927392681518295;23.82052044869888;27.548781128047178
23.623054669162826;24.83742500084828;23.690474609827376;27.849045720161513
23.639252377045047;24.86384149032782;23.69299794625664;27.803908186370492
23.526178980897143;24.93177551784502;23.72019611321357;27.821849388044264
23.561986720066233;24.842989917944656;23.77135921599703;27.823664145992083
23.61429608734301;24.867878504190603;23.740693711445633;27.777131697020753
23.526361162507605;24.94999571975438;23.7371055380695;27.78653757966851
23.56314735799369;24.858984469423937;23.725281949027686;27.852586223554688
23.574598655190986;24.845711849337956;23.724824752853518;27.85486474261754
23.53985222535088;24.867225187173947;23.798751173247766;27.794171414227403
23.50985433235694;25.001327780950206;23.719588779829746;27.769229106863108
23.582077619542194;24.87831605259915;23.748063618920202;27.791542708938454
23.654864163491972;24.837236367044635;23.701962223918862;27.805937245544527
23.561227473356713;24.90814259476816;23.688758082278603;27.841871849596522
23.631807519706793;24.801549626722604;23.715485411056463;27.85115744251414
23.63411723236457;24.744543219788593;23.85622214038699;27.76511740745985
23.553589023693647;24.860935670610875;23.642166235199753;27.943309070495726
25.6657859288266;24.95533997255819;23.69348176479112;25.68539233382409
25.700585700616173;24.875896682655092;23.679469090731793;25.744048525996945
25.708711700915245;24.847118842938386;23.70537220481956;25.738797251326805
25.68804321564378;24.938681169683864;23.668671494031834;25.70460412064052
25.7058758653608;24.893245801339013;23.685564633795764;25.71531369950442
25.7007111097271;24.8511755813031;23.698615816130204;25.749497492839595
25.706536956946387;24.880253952975025;23.735749867609037;25.67745922246955
25.70885178378715;24.935678857848533;23.630970158141512;25.7244992002228
25.735479217159547;24.843342729194866;23.713656886617123;25.707521167028464
25.761072621573707;24.850049424747848;23.702176779813648;25.6867011738648
25.793257449718;24.871374720634385;23.653799505643292;25.681568324004328
25.748837369580986;24.903355612188157;23.66142823801774;25.686378780213122
25.706579872148716;24.88381355694419;23.68783400822185;25.721772562685246
25.692682852599464;24.866203559282056;23.705214142782143;25.735899445336337
25.742731283884527;24.894078615114186;23.692147740056765;25.67104236094452
25.71171739088292;24.853621464208967;23.68693696766138;25.747724177246727
25.698875687255203;24.85059745338825;23.696005234969064;25.754521624387483
25.695397057079656;24.8494282372197;23.733059761691088;25.722114944009554
25.60776704463642;24.94423623435033;23.69388316510604;25.754113555907203
25.722253733462487;24.79826404866492;23.69337176135278;25.78611045651982
25.593084111871068;24.74967857850506;23.873274268253986;25.78396304136989
25.66577961938717;24.946063376904803;23.681307217294858;25.706849786413166
25.0;25.0;25.0;25.0
25.0;25.0;25.0;25.0
25.0;25.0;25.0;25.0
25.0;25.0;25.0;25.0
25.0;25.0;25.0;25.0
25.0;25.0;25.0;25.0
25.0;25.0;25.0;25.0
25.0;25.0;25.0;25.0
