24.459850762891193;24.458613307594263;24.473462771157394;26.608073158357154
24.446222120640726;24.441720213390404;24.487605037287913;26.624452628680956
24.36039086098891;24.367993188314717;24.738817821206776;26.5327981294896
24.35883219541559;24.400811063411854;24.66826133561445;26.57209540555811
24.467324418164942;24.430368867956958;24.475059300766613;26.627247413111487
24.444056842097194;24.43773168291402;24.47913272484024;26.639078750148542
24.466644236824624;24.43537186090047;24.45435095801306;26.643632944261842
24.22401564008726;24.532525897934125;24.858440521177297;26.385017940801315
24.42008317585394;24.398863140799108;24.614071055370925;26.566982627976028
24.56783810684157;24.44600159502722;24.421592207513463;26.564568090617747
24.428518598290736;24.54677714968444;24.47057962945654;26.55412462256828
24.64071973562415;24.370035479634772;24.44919980126457;26.540044983476506
24.479198376956873;24.4153686315099;24.475466791838436;26.629966199694792
24.46583070709759;24.414011698594837;24.507769826819665;26.612387767487906
24.45905970146084;24.393864423552696;24.549738475619726;26.597337399366733
24.43468352636084;24.389069306354916;24.52991002549671;26.646337141787534
24.47804944135741;24.427963535818606;24.468812286647385;26.6251747361766
24.490892914514497;24.40501198625905;24.503249882608802;26.600845216617653
24.451963535781832;24.423412587525867;24.516557525098513;26.60806635159379
24.453084867057555;24.437142401643847;24.46194179228739;26.647830939011214
24.481321659507568;24.433959781872243;25.373797041198255;25.710921517421937
24.481276425889238;24.40310753673753;25.46494781348866;25.65066822388457
24.458356145696804;24.433654273331747;25.39020662931891;25.717782951652534
24.46178151466234;24.428692744952528;25.403759496285645;25.705766244099486
24.43811685548102;24.431226313762842;25.42934154793993;25.701315282816207
24.530569419711902;24.238586106861295;25.739050103249646;25.491794370177157
24.455788208760755;24.442739200972248;25.379541103400726;25.72193148686627
24.460717622567902;24.426705132197945;25.375366761191337;25.737210484042816
24.439205560168805;24.411620843807942;25.406092525395003;25.74308107062825
24.490970276065866;24.40242954494515;25.4417101554788;25.66489002351019
24.91483112365419;23.85926412174238;25.20567505019094;26.02022970441249
24.244297303399982;24.438686629521193;25.515333546097768;25.801682520981057
24.3094169153119;24.308301497448483;25.741613451939433;25.64066813530019
24.414541100467808;24.48937680997995;25.382184228113164;25.713897861439072
24.297301039057707;24.78977016309556;25.173460966562804;25.739467831283925
24.342308514936192;24.371024343100675;25.404398076633633;25.8822690653295
24.437794052055306;24.405318578231977;25.36005640044315;25.796830969269568
24.45830651344138;24.436372283332854;25.396148595184307;25.70917260804146
24.356939935064936;24.70779220779221;25.331574675324674;25.603693181818183
24.42761819326211;24.558101798122625;25.23728569008889;25.77699431852637
24.39070440706767;24.33001647564953;25.312261884157977;25.96701723312482
24.349791794935317;24.317185752434522;25.718699109982552;25.61432334264761
24.40718832051164;24.462016802716224;25.417598921138936;25.7131959556332
24.317026861450707;24.280556839648675;25.8321323285949;25.570283970305724
24.46554777060341;24.39590297812581;25.413670986551878;25.724878264718903
24.465931259008805;24.431418652679525;25.390758372998224;25.711891715313445
24.481481707925987;24.430531693965683;25.36882715105864;25.719159447049687
24.47589971320196;24.436837614744913;25.3866633772268;25.700599294826326
24.48066691517842;24.44610118946762;25.34955437324206;25.7236775221119
24.458900145957184;24.423175504641144;25.408417068059112;25.709507281342564
24.454297988578045;24.324150494390224;25.631489640221627;25.5900618768101
24.786645144779026;24.34552705450398;25.296480123488884;25.57134767722811
24.473171957245075;24.429665366915792;25.387218866745236;25.7099438090939
24.48094205144097;24.43156471665923;25.367690877452265;25.719802354447534
24.46785901602906;24.43217822457841;25.38347101959324;25.71649173979929
24.44973192272485;24.442396078193724;25.365117740304726;25.7427542587767
24.461801391220916;24.444561045814346;25.366169944830897;25.727467618133844
24.420700128772186;24.431547785678294;25.46959856670959;25.67815351883993
24.4821068750792;24.429813367505567;25.3764507878829;25.71162896953234
24.483455113445807;24.432770971741235;25.347346525027415;25.736427389785543
24.284600230576423;24.502386590328936;25.665038894227948;25.547974284866694
24.439802016011456;24.44275479734693;25.394657680368805;25.722785506272817
24.46935743894738;24.423399477816236;25.393944767215686;25.713298316020694
24.47460308237856;24.43093324137052;25.374426716196634;25.720036960054276
24.462045726544364;24.433419212874345;25.39896047816625;25.705574582415043
24.41228448626001;24.38358241555905;25.50928123877415;25.694851859406786
24.46353437131437;24.439784415170823;25.382765628415743;25.713915585099063
24.412270271667484;24.405323493680047;25.438131672137924;25.74427456251454
24.46592943825797;24.44235330462194;25.391699168534803;25.700018088585292
24.473000820949288;24.435471710757785;25.384757149798116;25.706770318494815
24.460492333955795;24.417645481090876;25.55055675605465;25.571305428898683
24.459405824158054;24.427433225042996;25.375218663177858;25.73794228762109
24.42405696848706;24.399992595577565;25.399732016864995;25.776218419070375
24.432974459425324;24.443459487282137;25.40220407994675;25.72136197334579
24.38427294115284;24.39004793242758;25.548812486033306;25.67686664038627
24.357067016621826;24.41626289232928;25.483041477829737;25.743628613219162
24.454416818273703;24.46533252476248;25.41641398827572;25.663836668688095
23.675294589356916;25.13766065979106;26.013521038914757;25.173523711937275
23.177294570737196;25.38410415459596;25.826829351419516;25.611771923247336
22.622127119580153;25.62274106250658;25.92483180789495;25.830300010018313
22.902729525759586;25.41787646364455;25.940284980615274;25.73910902998059
22.905179615705933;25.40909565580618;25.917006056808688;25.768718671679196
22.909450853633967;25.394931630445257;25.90719960756489;25.78841790835589
22.97661921266243;25.35421158991612;25.984454203687186;25.684714993734264
22.936252352689166;25.35753654791303;25.932290688886646;25.773920410511163
22.887473929308424;25.32117988501308;25.871395623434378;25.91995056224412
22.899453362629203;25.375339172131344;25.933070032748436;25.792137432491018
22.885037954454653;25.370626676559553;25.96752944086144;25.776805928124347
22.809620018660098;25.268099064086474;26.176716046565225;25.74556487068821
22.871207503528577;25.160205526598173;26.36745411690542;25.60113285296783
22.826758396821745;25.295135314090995;26.14440635812712;25.733699930960142
22.884433723384245;25.23507440319317;26.227668190076958;25.652823683345634
22.791187913087555;25.25816048972449;26.20296802043577;25.747683576752184
22.817700831419973;25.27449305162116;26.161012587332806;25.74679352962606
22.87879956720489;25.31495338749206;26.19221403973091;25.61403300557214
22.945031537447782;25.239355691843674;26.141064911876384;25.674547858832163
22.738698991557225;25.30872566838649;26.32669588414634;25.625879455909946
22.819738021571293;25.273135162748556;26.148806253554252;25.758320562125903
22.811849730382832;25.276888998277137;26.16472378224778;25.74653748909225
22.784156271288794;25.28890375032128;26.174018500819734;25.75292147757019
22.777172230291526;25.295970074486533;26.163679065985658;25.76317862923628
22.78885650136394;25.28526502387369;26.18878852546632;25.737089949296042
22.625930142580952;25.17246941604696;26.285250738152737;25.91634970321935
22.05823352973767;26.00201611317205;25.595646813833188;26.34410354325709
22.02897652116402;26.048642113095237;25.487247850529098;26.43513351521164
22.09902278560326;26.025713631598606;25.464447952187584;26.410815630610546
22.01727526164252;26.058681047484118;25.475526712673098;26.448516978200264
22.06601766015214;26.00347332632145;25.504029792334222;26.426479221192185
22.051487979540372;26.051994913572017;25.490095562760857;26.406421544126758
22.012998877606954;26.06875309963196;25.459528594920517;26.458719427840567
21.99497049509011;26.028969492606684;25.53926203549703;26.436797976806183
21.956295378076852;26.127572162210022;25.406056313086594;26.510076146626528
22.034168178436722;26.04507902533248;25.495360279818847;26.42539251641195
22.20245378912952;25.899711890194553;25.62066621346023;26.277168107215694
22.12499706340692;26.087596613912407;25.71515830194442;26.07224802073626
21.999699754373523;26.257757676226618;25.60360550279963;26.13893706660023
21.86521853905042;26.35463413407751;25.529691644353935;26.25045568251813
21.879881279576583;26.35963197439152;25.520653771260953;26.23983297477095
21.90539431297237;26.312182505265767;25.556390162309505;26.22603301945236
21.879760349802428;26.355928578713772;25.538341070529675;26.225970000954124
21.88562995827311;26.273315872741538;25.614080403556187;26.226973765429168
22.077123122955175;26.1501511578411;25.377117840975117;26.39560787822861
21.894362643038022;26.339595101430636;25.521646432528435;26.244395823002915
21.862516348613244;26.34189604620834;25.537703316874016;26.2578842883044
21.7935762094802;26.358779947968703;25.573933348938915;26.273710493612178
21.57912011532719;26.377554960613704;25.797057612109352;26.24626731194975
21.878077559563145;26.47083186837663;25.364337032694152;26.28675353936607
21.26269592476489;27.131661442006273;24.791849529780563;26.813793103448276
21.1954035764211;27.652925560338748;24.01751018506248;27.134160678177675
21.172420089568877;27.678416975801028;24.003161819824324;27.146001114805774
21.393284090699773;27.468916355062724;24.0796478107904;27.058151743447105
21.604183020866163;27.116421019249177;24.319583733827695;26.95981222605696
21.208899644061226;27.34150152125648;24.102027950395684;27.347570884286615
20.910969843109008;27.760467228259166;24.563930729965865;26.764632198665954
21.100388788672788;27.52860693929359;24.227824720172993;27.14317955186063
21.14959372996454;27.73496277493556;24.029727714027764;27.085715781072135
21.568740913266453;28.051153337046387;23.911942770757534;26.468162978929627
21.218776594170993;27.66994599806129;24.074109524911723;27.037167882855996
21.194465942589808;27.656808438481008;24.03714879518596;27.111576823743228
21.19192113027417;27.641344239487637;24.03895512005565;27.127779510182542
21.17444535825711;27.650343456675845;24.08325536328493;27.09195582178211
21.302702352136336;27.564744942896414;24.101081401114246;27.031471303853
21.162835448721545;27.64951371461101;24.015001483310748;27.172649353356693
21.10840729077202;27.580876037789864;23.977717339440787;27.332999331997325
21.170682038608145;27.661439218428285;23.975910990530018;27.19196775243355
21.331656717352978;27.057583704008664;25.16109833263226;26.449661246006105
21.419128882174192;26.893598444064565;25.384262586178565;26.303010087582685
21.446018144584652;26.81588852406503;25.448466405061264;26.289626926289056
21.43346000415934;26.87765866938914;25.399958406594447;26.28892291985707
21.084100423457876;26.77556732497678;25.638866435835876;26.501465815729468
21.401514193669115;26.897167335089943;25.3999160467104;26.301402424530547
21.055400204878318;27.096290292945792;25.402394609737005;26.445914892438882
21.105078688749916;27.105157230234546;25.468549044248306;26.32121503676723
21.162485364216675;27.176996222865625;25.2308657035219;26.429652709395807
21.246441452331496;26.875730828247345;25.314410329532617;26.563417389888542
21.173727054838068;27.253250289701036;24.939480673401963;26.63354198205893
21.1053560577563;27.067912844700366;25.201828756619115;26.624902340924216
20.57650080668177;27.306323569668766;25.348154533435068;26.769021090214395
20.552220638570134;27.322159916494144;25.11521935893301;27.01040008600271
20.58659625220045;27.283001572867516;25.13645406914367;26.993948105788363
20.634214946155947;27.226842408075736;25.193088899349686;26.94585374641863
20.578885231081255;27.329473305438835;25.089586548784148;27.002054914695762
20.553427392558945;27.32344697428385;25.123973288518847;26.99915234463836
20.505454878831404;27.222748525501938;25.333557436665345;26.938239159001316
20.495906742157825;27.31800314578439;25.126593380050437;27.05949673200735
20.608336244033065;27.24094772383281;25.166492024682736;26.98422400745139
20.574086189899614;27.289817015947825;25.146763216090516;26.98933357806205
20.320709419542975;27.371540259936143;25.587307373237135;26.72044294728374
20.564787972763433;27.26409582237803;25.152812422751076;27.018303782107463
20.54001103508508;27.286165721012985;25.17386160114954;26.999961642752396
20.512667677974843;27.330355040695714;25.123458077898547;27.0335192034309
20.627826056749825;27.129855317473645;25.065567411404388;27.176751214372146
20.594287237865597;27.148082028216038;24.753660317865133;27.50397041605323
20.642454298514;27.138308763914615;25.347532504423683;26.87170443314771
20.455556805234306;27.167635711037324;25.536804940903778;26.840002542824585
21.17016734656608;27.021004079396455;25.078046529304775;26.730782044732692
20.57513887027357;27.29874359012544;25.10883756025158;27.017279979349407
20.585608432937853;27.27914259251092;25.15933048118908;26.97591849336215
20.58210576940204;27.272403412835537;25.131620129927963;27.01387068783446
20.59091880952532;27.326554935296148;25.089598905972483;26.99292734920605
20.559868266290284;27.277111267936956;25.204657727593506;26.958362738179254
20.597816060144826;27.193452792767864;25.26665052349984;26.942080623587472
20.570919622001018;27.285611055405866;25.12785753897344;27.01561178361967
20.570867911859978;27.288677160287833;25.14892162955532;26.991533298296865
20.581249375882678;27.29033224439721;25.216122911881765;26.912295467838344
20.749181870189165;27.035563906308884;25.50504434304244;26.710209880459505
20.63843665552908;27.27439730568017;25.13491566938672;26.95225036940403
20.583363299280226;27.320985398232693;25.166384692018838;26.929266610468233
20.59411773369269;27.270799275394335;25.12908879364939;27.005994197263583
20.569523843658715;27.303274134872137;25.056002580598914;27.071199440870235
21.09301583491175;27.101441214097726;24.96728505475911;26.838257896231415
20.678395675713297;27.23384264723367;25.160145341503238;26.927616335549803
20.62480076506216;27.289787859779736;25.058356555986304;27.0270548191718
20.47334118000861;27.418945054261318;25.275195345919123;26.832518419810953
20.618384952181632;27.254127165102222;25.14928597831123;26.978201904404912
20.579185945463514;27.291991242011203;25.110583961606814;27.01823885091847
19.588236330992316;27.588568723386576;25.07069633688473;27.75249860873638
19.840127194862383;27.95099773965351;24.938912029659264;27.269963035824844
21.51829611251977;28.199840183188655;24.33110839693545;25.950755307356122
21.61958664064057;28.299424536449713;24.27371058517588;25.807278237733833
21.64053625874335;28.240457045495308;24.279234172296288;25.839772523465054
21.568734697291923;28.323643629086487;24.17932441258514;25.928297261036448
21.575229356362104;28.120397024041527;24.592981484003364;25.71139213559301
21.688952817857967;28.33363233296599;24.290409800353675;25.68700504882237
21.88938849361819;28.02725324729454;24.52326430942586;25.560093949661418
21.67532600376002;28.365413443664927;24.239971217844936;25.719289334730117
21.713602079928886;28.304610664982405;24.28828268853533;25.693504566553383
21.686859056344908;28.352285499461278;24.219240518103387;25.741614926090428
21.712452078334156;28.387040598646283;24.1717266653179;25.728780657701655
21.69128460565177;28.357359536775494;24.231918563266102;25.719437294306637
21.666135872790463;28.377806898928142;24.212728263120614;25.743328965160778
21.674904713046804;28.35357408975114;24.237021663396156;25.7344995338059
21.717883595069345;28.290759677140542;24.30244360818939;25.688913119600727
21.672272453182146;28.356340118925804;24.226905383775733;25.744482044116317
21.66366614987484;28.349221102289633;24.240335537183626;25.7467772106519
21.68900212470452;28.360436346244057;24.22347108654262;25.727090442508803
21.676412203312076;28.30090349304545;24.33949885397886;25.683185449663615
21.71538561270183;28.30845026877699;24.268717150864173;25.707446967657006
21.693678949604262;28.366127204067208;24.256044728346943;25.684149117981587
21.69133139464538;28.359778205197745;24.23930140478386;25.709588995373018
21.50876105374919;28.177886088486996;24.746681203103957;25.566671654659856
21.670567224806383;28.331670003054306;24.24979913584642;25.74796363629289
21.709025662617794;28.283152135074946;24.286489608059377;25.72133259424788
21.672832861072962;28.374186949115494;24.2137586563883;25.73922153342325
21.65092314297982;28.36758413408152;24.22491523667106;25.756577486267602
21.692725254098058;28.353030932743284;24.2113643148572;25.74287949830146
21.687216801977804;28.35060792525522;24.22517801018538;25.736997262581596
21.69455573886401;28.294693840422408;24.25832434019293;25.752426080520653
21.665698808881388;28.364643999499577;24.22980616080381;25.739851030815224
21.63552972304082;28.287833960475478;24.23863907888781;25.837997237595893
21.753360191094156;28.184962030731935;24.086895551831912;25.974782226341997
21.710504712179425;28.360260072899223;24.196630873805535;25.732604341115817
22.032384314918307;28.343687253224086;24.000623737845295;25.62330469401231
21.355503666855206;28.457165233281607;24.166437034995866;26.020894064867324
21.60949597901685;28.3184335100308;24.430249135547697;25.64182137540466
21.546674689918667;28.287556437598965;24.62501904558017;25.540749826902193
21.670529820804557;28.39398681429014;24.178638522510226;25.756844842395076
21.651338112898067;28.440588147821032;24.16601702438299;25.74205671489791
21.383714538574345;28.36723042737292;25.04451580178318;25.204539232269553
21.67909531177999;28.393073906658756;24.18502573886039;25.742805042700866
21.66014542817859;28.37200473359829;24.219845542414273;25.74800429580885
21.6853182121778;28.33133089665674;24.207998971844507;25.77535191932095
21.689807386873834;28.386099928002658;24.189760197601707;25.73433248752181
21.649154079494636;28.327391562685676;24.190042843293615;25.833411514526066
21.638837683395977;28.295694994097815;24.29896559788884;25.76650172461737
21.675653649496507;28.366769375041866;24.230803581396387;25.726773394065244
21.66413197740687;28.361585329070397;24.218717754148898;25.755564939373834
21.676568967641447;28.351841533762524;24.213286552546556;25.758302946049472
21.63560251171135;28.298282334961293;24.311438918236487;25.75467623509087
21.695905516744464;28.340277560226813;24.247047398264463;25.71676952476426
21.70088129646646;28.358985604098798;24.189708462116783;25.750424637317966
21.703399045052713;28.30312485226682;24.252635559967853;25.74084054271262
21.78798207599062;27.90419354615985;24.704891358132663;25.602933019716872
21.71563699137187;28.30650714269551;24.26706148957286;25.710794376359765
21.752554944277207;28.163365449037947;24.3260892130866;25.757990393598252
21.50030386470893;27.43635722485238;24.663873112099818;26.399465798338873
22.039610302761528;26.346095636320122;25.84331158180756;25.770982479110792
21.893678920920394;26.73926910092257;25.362104640851314;26.004947337305722
21.847716608937038;26.826712850369717;25.19382415800722;26.13174638268602
21.709597478321328;26.808617725967913;24.924396558710498;26.55738823700026
24.247413487467632;24.99597116427981;24.835354913568043;25.921260434684516
24.123717900863646;25.161880122430446;24.62633870057776;26.088063276128143
24.14141357986943;25.183595639290857;24.610247258805458;26.064743522034256
24.109856648395457;25.189109791900606;24.636533662375427;26.06449989732851
24.039329971734784;25.27616178089154;24.76332907953386;25.921179167839814
24.131825806050816;25.163073864695285;24.67229918618376;26.032801143070138
24.174973962208004;25.13285147103736;24.666285562142225;26.025889004612406
24.11384431289188;25.188046120145213;24.605950348365674;26.09215921859723
24.124706754334333;25.168401406573064;24.648566345207374;26.05832549388523
24.203925376069215;25.102620194671122;24.715797365057515;25.97765706420214
24.334305458695237;25.080257978248216;24.625510798084182;25.959925764972365
24.134179757769832;25.194426966905215;24.597803456972002;26.07358981835295
24.13565344896483;25.16355626302423;24.621616176961105;26.07917411104983
24.11629695052063;25.19271829258881;24.604773868628577;26.08621088826198
24.249806830077286;24.971945388164464;24.935795628791656;25.842452152966594
24.12857382206167;25.158579913158807;24.64514270234891;26.067703562430616
24.100706161479334;25.19032695036029;24.608565313925247;26.10040157423513
24.01964804840929;25.303089676876482;24.48442099315599;26.19284128155823
24.13335167918668;25.15834893503867;24.61384813034626;26.094451255428385
24.269040320679085;25.054449670509687;24.7199952841311;25.95651472468013
24.139627632633808;25.16446273576851;24.600094350817177;26.095815280780503
24.15098715965574;25.14802902920725;24.600178696560498;26.10080511457651
24.12904660695071;25.180627972941437;24.577934333332813;26.112391086775038
24.17738731896257;25.122736134927532;24.621873523708107;26.07800302240179
24.235913537462032;25.082450909519626;24.69509451992318;25.986541033095158
24.32618641582704;25.02782941918365;24.67864494216321;25.9673392228261
24.179925666082017;25.11458072329408;24.63328948467385;26.072204125950055
24.13442577245794;25.13466228312676;24.634074139046344;26.09683780536895
24.081393174681978;25.07575806420415;24.57849502575774;26.264353735356128
24.165713167770352;25.105378919473313;24.610053534269642;26.118854378486695
24.184503115851985;25.098238151307694;24.64276683312468;26.07449189971564
24.0065813100816;25.030025139268204;25.01432353653546;25.94907001411474
24.162477358204995;25.111276386947264;24.6803295896729;26.045916665174847
24.134054067597024;25.132162453336004;24.650802996517427;26.082980482549544
24.125810536896996;25.194346990804274;24.593698230623996;26.08614424167474
24.18894270898586;25.114098786363144;24.652334286258196;26.044624218392805
24.152968802415298;25.137617609942332;24.609830513889555;26.099583073752814
24.13664687943518;25.15535465137232;24.600865970252222;26.107132498940278
24.152995665267103;25.143305898575907;24.587396501295473;26.116301934861518
24.17995713649521;25.132556780227123;24.63607771097751;26.051408372300155
24.192412310480677;25.134627355714056;24.654132971598038;26.018827362207226
24.129469258186678;25.1667269993317;24.592232401425708;26.111571341055917
24.155522846136986;25.130437505872038;24.624659421878427;26.089380226112556
24.165001159067984;25.138148373232422;24.602627638445973;26.09422282925362
24.3817174947352;25.081974884954374;24.511192574682163;26.025115045628265
24.240185104590985;25.005400971235524;24.768697536217818;25.985716387955677
24.8411310680053;25.04356205812921;24.428390037243666;25.686916836621826
24.031195401284098;25.315293122573095;24.64889510354088;26.00461637260193
24.10257863322938;25.096796667827835;24.734611288249894;26.066013410692886
23.865564226655;24.662545697601146;24.975062439569466;26.496827636174388
24.166028194278734;25.141856705283907;24.594287340705968;26.097827759731395
24.194629976351482;25.1192069289862;24.620273634424173;26.065889460238147
24.171942303673248;25.16289280608404;24.58437597675576;26.080788913486952
24.269868031203373;25.108594642270216;24.692423558120893;25.92911376840552
24.200361557394988;25.12629025923605;24.665199651034158;26.0081485323348
24.246197930976045;25.0414035880542;24.782326252570876;25.93007222839888
24.16409463269721;25.04155871385141;24.54013121798005;26.254215435471334
24.114624909674905;25.13269749511015;24.5831804269776;26.169497168237342
24.137931034482758;25.117789636527636;24.69223520637752;26.052044122612084
24.275100241490865;25.011391078507312;24.803361507267507;25.910147172734316
24.100098657938833;25.199116776547598;24.596207150351567;26.104577415162
24.14572381979459;25.138050579021957;24.665601409301615;26.050624191881838
24.10473770280772;25.19607328969262;24.618858952781896;26.08033005471776
24.21443025467146;25.086965937777055;24.761605046054726;25.93699876149676
24.111651505199927;25.192853325107762;24.608642700824063;26.086852468868248
24.13876264959487;25.152296267527774;24.637229507734617;26.071711575142743
24.11931459112002;25.248968751487578;24.6900509345664;25.941665722826006
24.137682246326595;25.000047466161373;24.927709036228073;25.93456125128396
24.10471626128482;25.156465676146055;24.624696713792126;26.114121348776997
24.32511438407471;25.032429483816575;24.703567112718883;25.938889019389833
24.135240164785323;25.176896448115833;24.594765089776104;26.093098297322737
24.28405895443855;25.131255858352937;24.626071755119412;25.958613432089113
24.135107045114104;25.14078613907973;24.65775045936038;26.066356356445787
24.644719225222385;24.95103342969937;24.447263765267703;25.956983579810544
23.99141575463673;24.949854499624486;24.385198635230466;26.67353111050832
24.056095432062847;25.192668024439918;24.80023276112889;25.951003782368343
23.973501235973153;24.95477479646704;25.214008633831426;25.857715333728386
24.13301023614136;25.127504755352646;24.68730469847573;26.05218031003026
24.119288737260323;25.16545387804457;24.619698998099846;26.09555838659527
24.21287315306243;25.14963959886546;24.57465680760124;26.062830440470876
24.52631686814069;25.0960687801229;24.631010489856845;25.74660386187957
24.120108739147383;25.168775445399366;24.63772979922499;26.073386016228262
24.1266622714399;25.184506968048222;24.619772539895227;26.069058220616654
24.126662036836088;25.153724843381514;24.631422081398206;26.08819103838419
24.231460988643608;24.96566129859898;24.9112376963785;25.891640016378915
24.08271057866078;25.02993769926886;24.635652726056996;26.25169899601336
24.18091909985292;25.11117132837011;24.63938824834085;26.068521323436123
23.989908405105453;25.32499409666555;24.438251121633545;26.246846376595457
24.063541536326515;25.162948891492533;24.710076099691733;26.063433472489223
24.084831778052422;25.140165175738566;24.62555365837834;26.14944938783067
24.279726514436277;25.118558130179274;24.556075232087622;26.04564012329683
24.184128415678117;25.15825278260638;24.610580571334367;26.04703823038114
24.12079080279702;25.171713215675716;24.6263432306073;26.081152750919966
24.13330645524048;25.178220081600557;24.62827430981889;26.060199153340076
24.22540678273826;25.133820408316588;24.617007556548906;26.023765252396245
24.187889609372554;25.135909418401663;24.622885181103392;26.05331579112239
24.13491626751414;25.161099153720667;24.62659837386726;26.077386204897934
24.130032020544014;25.173481408480058;24.592766854056613;26.103719716919315
24.20432845321451;25.10201645903428;24.751636810039102;25.942018277712105
24.12693335465771;25.151303119356538;24.6304552088123;26.091308317173457
24.128634876537568;25.13966820804318;24.61815899938467;26.11353791603458
24.14966315782678;25.140498855672732;24.623534082875764;26.086303903624724
24.0250371525487;25.174766921903007;24.923529058957598;25.876666866590696
24.12952662601403;25.1866726606591;24.59614953862444;26.087651174702426
24.16369560930413;25.16347336690967;24.652628877112477;26.02020214667372
24.145568232367847;25.15851236459097;24.612020625403332;26.083898777637852
24.125712179369035;25.149167020586088;24.616124301843854;26.10899649820102
24.14983193562625;25.144976742606868;24.60156860082165;26.103622720945236
24.13897867648901;25.15378736625824;24.630722393445087;26.076511563807664
24.108351695027743;25.18400408824232;24.598476200589346;26.109168016140593
24.130919886361774;25.151632320703587;24.60637855160414;26.111069241330497
24.138029668592132;25.1548980191805;24.61793940742271;26.089132904804657
24.220179765483607;25.070170724824298;24.699250216722348;26.010399292969748
24.271621869701846;25.02321739036532;24.821280088118094;25.883880651814735
24.078325289891467;25.08052540781342;24.594916253575875;26.246233048719237
24.11608164432821;25.14582992808107;24.631211180124225;26.106877247466493
24.10622192292283;25.153651405239064;24.705483714229697;26.034642957608405
24.143923603109002;25.154366036569858;24.61679495649413;26.084915403827015
24.133995750374247;25.168638710658524;24.587140347866608;26.11022519110062
24.221980212640286;25.0758638511518;24.502547253396337;26.199608682811576
23.944524264462647;24.880393405714454;25.081095492719918;26.093986837102978
24.147545271850394;25.150958380128476;24.612285623436573;26.08921072458456
24.116237267825046;25.196713551304416;24.600862659679763;26.086186521190776
24.1521517815826;25.150763535400277;24.61267931513188;26.08440536788524
24.229695947910006;25.092836172315565;24.700962153363175;25.976505726411254
24.13355626318045;25.13232958889608;24.646911049310628;26.08720309861285
24.144330488271926;25.121515446507054;24.67240177958338;26.061752285637642
24.155938091624176;25.165004068593472;24.615949434369615;26.063108405412738
24.138292906794977;25.17158958840427;24.58641505414744;26.10370245065331
24.144633584917223;25.167476154912016;24.625971264914774;26.061918995255983
24.121069890053366;25.169420690542015;24.625152703658458;26.08435671574616
24.39315079938467;24.97395180592621;24.73337461726356;25.899522777425553
24.38910715737742;25.001933675907985;24.59556424662995;26.013394920084647
24.109881589596753;25.11324142527766;24.750222742142814;26.026654242982772
24.10154811575414;25.053789946833927;24.954274741093087;25.890387196318848
24.148247467572237;25.15244690399252;24.626146778213055;26.07315885022219
24.149743509417707;25.15174061166151;24.611974781689312;26.086541097231468
24.140709138175907;25.13794334978779;24.631297428841165;26.090050083195138
23.986019847123508;24.966474453533593;25.127564704304678;25.91994099503822
24.124404801330595;25.144429970782827;24.626321948203916;26.10484327968266
24.109286890846356;25.159686212693817;24.623571471097716;26.107455425362115
24.15129599455326;25.116532241621115;24.640828925882126;26.0913428379435
24.120101245442793;25.13242666542819;24.64825981169999;26.099212277429025
24.064596956930497;25.050394715173447;24.555515485300585;26.32949284259547
24.133591821756927;25.16860672617262;24.60996342176564;26.087838030304805
24.13343146561992;25.14177626549761;24.634048347928733;26.09074392095373
24.167003259737967;25.143217981465572;24.6278039150989;26.061974843697556
24.119834212649167;25.14960732134744;24.639078711902755;26.09147975410064
24.119055335431195;25.16638265396799;24.629650925742006;26.084911084858813
24.117428586321935;25.179185779816514;24.608234726855713;26.095150907005838
24.095523696981857;25.195276210861145;24.60275876420444;26.106441327952556
24.12043482178817;25.09622758444396;24.757844869915754;26.025492723852118
24.14902788512991;25.15142844402164;24.645676021166537;26.053867649681905
24.123930027390568;25.15850264884852;24.608868858762705;26.108698464998202
24.14936269301535;25.143546780887082;24.629332780494668;26.0777577456029
24.314548482394827;24.878589749945377;25.031718140940544;25.77514362671925
24.145143015481086;25.15330204345788;24.604052753743115;26.09750218731792
24.123868100882266;25.149335946366392;24.660130393302072;26.06666555944927
24.121961562035334;25.17836674758675;24.607111708598822;26.092559981779097
24.125622826159816;25.14765355597429;24.603029783937973;26.12369383392792
24.139239850102943;25.1636721816539;24.645808955312308;26.051279012930845
24.131290835083792;25.155240053682775;24.63037863293022;26.083090478303212
24.121248575173297;25.191121705262297;24.603926024111594;26.083703695452808
24.097670785280506;25.17282218843708;24.62306703736991;26.1064399889125
24.106319159543336;25.191671621668625;24.619431005669405;26.082578213118634
24.132833614549583;25.180488569679415;24.628757223275745;26.05792059249526
24.14823309291728;25.160130669644204;24.580340706762833;26.111295530675683
24.15506810949384;25.148092304386644;24.611848125275532;26.084991460843987
24.13322829261767;25.161091333397746;24.596435552318454;26.109244821666135
24.145866072429534;25.079508062914137;24.747904861743493;26.02672100291284
24.18214423830498;25.11952552558719;24.63081414251344;26.06751609359439
24.215045953674004;25.106424343800608;24.60332744583409;26.0752022566913
24.074241670060488;25.075418193885092;24.53165301597357;26.318687120080845
24.07669757199164;24.94652350160605;24.872357734980994;26.104421191421316
24.45193990999331;24.91168895447421;24.383197528940542;26.253173606591933
23.96539956551776;24.920303305227936;24.41007799039478;26.704219138859525
24.082853062892674;24.983660049607263;24.508270910586134;26.425215976913925
24.118350324203167;25.079780402939537;24.69764751752212;26.10422175533517
24.36876486183617;25.036215049061145;24.676706662657956;25.918313426444726
24.156923463505482;25.125084991279156;24.640265172790965;26.077726372424394
24.022942658127803;25.144407265421293;24.489773306446253;26.342876770004654
24.13849417222043;25.410660285957547;24.495207128387307;25.955638413434716
24.302715273803667;25.153443777505153;24.68959288262214;25.85424806606904
24.735698665083163;25.00246675265916;24.396452899376225;25.865381682881456
24.227303809179034;25.07722939543864;24.661316922086804;26.034149873295526
24.181802045429627;25.108979947689626;24.629468177855273;26.079749829025474
24.140038264046996;25.159159319144404;24.603844894288127;26.096957522520476
24.189397759275884;25.091160085103244;24.66579759694022;26.053644558680656
24.162669686607156;25.140079347455995;24.609554262705217;26.087696703231632
24.16041013363174;25.11994140948118;24.60244139553991;26.117207061347177
24.165037116669602;25.137762620131042;24.61840727319908;26.078792990000277
24.05067924314214;25.200350647948362;24.878618344597626;25.87035176431187
24.126106588679455;25.154635503440964;24.60871182590595;26.110546081973634
