24.744669524147533;23.832072947664418;25.344604002293263;26.078653525894786
25.10746758573083;24.99327106971882;25.409150919076;24.490110425474345
24.95127039011705;25.56135018769587;24.889705708450478;24.5976737137366
25.025039036943998;25.347552312499154;24.952728993033983;24.674679657522862
24.908979597857996;25.356816203696873;24.92550193989998;24.80870225854515
24.921105123140766;25.516572253852125;24.970727384033378;24.591595238973728
25.087923568608932;25.39189451949519;24.90559500992275;24.61458690197313
24.88631036183025;25.3434236975374;25.0548557409967;24.715410199635652
25.03772718065483;25.298834550209158;25.078278697134877;24.58515957200114
25.079377439549678;25.388889824254207;24.90687269023226;24.62486004596385
24.901762024888747;25.376998068645634;25.024209123825543;24.69703078264008
24.986424103402143;25.38281492548019;24.88669243339841;24.744068537719258
25.080205606996685;25.41209461856633;24.887661518776486;24.620038255660504
24.92820819054212;25.541833230003842;24.911054227063705;24.618904352390334
24.939087413498402;25.387593015165873;25.025302701913414;24.648016869422314
24.920179072316238;25.402745527836085;25.04252038712314;24.634555012724537
24.91967700620431;25.550964389405873;24.882999840087557;24.646358764302263
24.984113821734663;25.38346362778434;24.92838714625696;24.704035404224037
25.077583821776685;25.384081491977735;24.898239191717472;24.640095494528104
24.942968747096405;25.427725105272742;24.882871297800143;24.74643484983071
25.078890009434268;25.3957280885613;24.88586703102465;24.639514870979784
25.07015771246655;25.355633401728166;24.875624466512914;24.69858441929237
24.93329210779561;25.562753933502826;24.90262639018523;24.601327568516336
24.95793201994634;25.542078116916322;24.92598213058832;24.574007732549017
24.93621945269847;25.48928021984874;24.891249017925063;24.683251309527723
25.063314708650513;25.405963292743067;24.922465847878865;24.608256150727556
24.957495641354548;25.412709527689;25.05209649654041;24.57769833441604
25.09343206046702;25.383534277916286;24.905543567296228;24.61749009432047
24.91429433128036;25.553029059328754;24.87510929097734;24.65756731841355
24.951241065912534;25.396539204682977;24.905787019763796;24.74643270964069
24.93703472252391;25.37128441739806;24.967259540961496;24.72442131911653
24.921973794455305;25.392168265466154;24.865449707267455;24.820408232811083
24.949443747451678;25.389102108826233;24.913771669449684;24.747682474272406
25.07713286289825;25.415717535605964;24.885637027362637;24.62151257413315
25.090049548180275;25.388745043600686;24.910899223012205;24.610306185206834
24.975480729669762;25.294916968076393;24.95283330083866;24.776769001415186
24.95046686170631;25.39569683073622;24.907017067273028;24.74681924028444
24.989997146327404;25.44219738039606;24.940798480841206;24.62700699243533
24.934817073148054;25.3689236514637;25.03980147052534;24.656457804862903
25.088335912880616;25.373528562163717;24.89785779557172;24.640277729383946
24.952094073555063;25.385887733904823;24.909150309338933;24.75286788320118
24.918340640024354;25.55404514132404;24.892563290667034;24.63505092798458
24.920369927805964;25.360961578468675;24.879243914054882;24.839424579670478
24.94676441061833;25.400322333357263;24.904399110142712;24.748514145881696
25.00481726269793;25.37767339551802;24.891796868631022;24.725712473153024
24.94330099743159;25.395061908322692;24.892590470830612;24.769046623415107
24.90972644467494;25.41683059718397;24.866769197753854;24.806673760387234
24.97175068938857;25.37213432293121;24.92590437316643;24.730210614513783
25.08468414508683;25.39630391979385;24.903023896312487;24.61598803880683
25.075900783724887;25.343881743264834;24.91941501130319;24.66080246170709
24.942075013179384;25.543605841909883;24.910664920436947;24.60365422447379
25.09446866178642;25.392560289059446;24.90143086207594;24.611540187078194
24.932234770303;25.527643999947795;24.913477906614684;24.626643323134523
24.96310655212112;25.348986331037615;24.86886333439896;24.819043782442304
24.909337214469346;25.39342377723527;24.957299708015277;24.739939300280113
24.9313051317728;25.390970765876126;25.040331015835367;24.637393086515704
24.909789825991314;25.39236347331884;24.871046541432413;24.826800159257427
24.936485248579558;25.383083589196964;24.90722406535622;24.773207096867257
24.974302067515477;25.42549546392555;24.963127360510846;24.637075108048126
24.931629964507593;25.402111541033452;24.880656066572556;24.785602427886403
25.14670611383188;25.356927429662928;24.86273679070502;24.633629665800168
25.087536854915033;25.416279516207556;24.909039132164278;24.587144496713133
24.91565037306107;25.43008603754386;24.92714965370896;24.727113935686113
24.885646671328477;25.337399397185028;25.040973228811193;24.73598070267531
24.9528748525063;25.393170859615132;24.921081766136904;24.732872521741665
24.96127311333943;25.55179102156655;24.914343484318145;24.572592380775873
24.923122000772988;25.39081962961729;25.07320648150039;24.612851888109333
24.9656114064493;25.352598213785587;24.882153983456632;24.799636396308475
24.96911437510927;25.360852189342847;25.057001479172968;24.61303195637492
24.94968219650444;25.548741692780418;24.88405270119043;24.617523409524708
25.071323020284268;25.356096994126514;24.906305846877828;24.666274138711387
25.068270975861985;25.4317563144553;24.889022388542546;24.610950321140166
25.097392524980688;25.396894467954528;24.91121665536907;24.594496351695707
25.09975980493937;25.388326694025682;24.903019967845406;24.60889353318954
24.91212903540161;25.366341267866726;24.864253109720398;24.857276587011263
24.95889791676209;25.396711907818126;25.054973454477885;24.589416720941898
24.93315396646361;25.40714323487715;25.0691641837105;24.590538614948738
24.940074816591483;25.487154287871594;24.890411820841678;24.682359074695242
24.97355904015796;25.41268188771475;24.932520682752376;24.681238389374915
24.948637333272732;25.5282205502903;24.921603458165162;24.601538658271807
25.012561540406935;25.404800978036153;24.9364309924861;24.64620648907081
24.987086882427832;25.373774368632162;24.90102420531374;24.73811454362627
24.98079167360888;25.427373768469508;24.950006859459783;24.641827698461828
24.983522207382457;25.423710342806704;24.95785196585212;24.63491548395872
24.96765833851495;25.42131099880788;24.966058643430745;24.64497201924642
24.949604699577968;25.38677017227173;24.91395061417798;24.749674513972312
24.963430845099985;25.41026160803822;25.011615662397723;24.614691884464072
24.969601771560612;25.43108803140607;24.947899843466594;24.651410353566725
24.943452823108952;25.388747084555785;24.960960926055144;24.70683916628012
24.983218003086975;25.43427698134116;24.947522962033872;24.634982053537996
25.005407632487;25.453615756443178;24.93128260213804;24.60969400893179
24.985947463892096;25.429553925213593;24.94215583974188;24.642342771152432
24.917017071504507;25.50986187169155;24.873141880167022;24.699979176636916
24.958446710159656;25.459790840245223;24.960126872766615;24.62163557682851
24.959163186567306;25.447373468079554;24.917246491247774;24.676216854105366
24.917776390037524;25.59169306186134;24.85375280595453;24.63677774214661
24.540737432848555;27.20470026793927;24.224275830811685;24.030286468400497
24.514322108690596;27.20280365081247;24.243718824639746;24.039155415857188
24.50369339894155;27.188656133897148;24.250881300412466;24.056769166748836
24.477648496205806;27.20118845379968;24.221866068974748;24.09929698101977
24.53235810429824;27.171661767180854;24.255126647510966;24.04085348100994
24.52674565236517;27.12916134570729;24.25587660528568;24.088216396641865
24.484638493605033;27.175281306702704;24.188511838426596;24.151568361265667
24.52572490972148;27.225482634685683;24.229580709254634;24.019211746338208
24.51841513400156;27.22607427960001;24.235920567127266;24.019590019271163
24.524420564545444;27.20634333036786;24.220825221594044;24.04841088349265
24.42734597142198;27.347635992951542;24.19260817297689;24.03240986264959
24.516899882152764;27.17985515087225;24.254170827823714;24.049074139151273
24.51584705935516;27.22394738923157;24.228405522040713;24.031800029372558
24.4906360069872;27.22430629134332;24.182928480127874;24.10212922154161
24.514910749757117;25.993106878311856;25.02035932487303;24.471623047057996
24.51851733385237;26.0181836927957;25.0040237689904;24.45927520436153
24.52660044986984;25.98283081018694;25.005383273940406;24.485185466002815
24.545128251362122;25.934485404061107;24.993425406000316;24.52696093857645
24.5247451244964;25.95172588013362;25.013008388103874;24.510520607266113
24.53543807891653;25.983767309927796;24.998739384779434;24.48205522637624
24.51299126778605;25.96968919520033;25.026587939540818;24.490731597472806
24.496028761670672;25.998407330076727;24.995240333132404;24.510323575120193
24.513715174981126;25.964814948125476;25.05482941728739;24.466640459606012
24.516735791250703;25.960503897376046;25.030611075217273;24.492149236155978
24.487763272314073;25.932305572302127;25.045181015777583;24.534750139606214
24.52405418601468;25.974142269272598;25.016700749133296;24.485102795579426
24.52541506021973;25.989423887170393;25.024325325540364;24.460835727069515
24.524829818509733;25.984623264652;25.025468488556424;24.465078428281835
24.442106951971937;25.834334909115032;25.081633779907065;24.64192435900597
24.53008997564131;25.851133728045127;25.13363043554271;24.485145860770853
24.526812647265185;25.974061403317865;25.024238313117625;24.47488763629932
24.559115946579187;25.927420991142807;24.977983384841888;24.53547967743612
24.464410091161838;26.00097313151739;25.07369436763377;24.460922409687
24.50544310529317;25.951245923277526;25.07938796301636;24.463923008412948
24.529088719033187;25.974421061574237;25.023521328883696;24.472968890508877
24.49006191164608;25.948430451854442;25.04253902746239;24.51896860903709
24.525534703312893;25.979281031835562;25.033788832361104;24.461395432490445
24.516197776889257;25.96166859046638;25.0351269039707;24.48700672867366
24.491724914359338;25.929227326959463;25.054422946775475;24.524624811905728
24.53139441226455;25.959466185409674;25.036443338553667;24.47269606377211
24.48762354074888;26.092984966082057;24.993574560541813;24.425816932627253
24.516020880251837;25.992004331044605;25.022019349546355;24.469955439157204
24.487931497509987;25.94140037720346;25.006901101010676;24.56376702427588
24.529309915994947;25.96220168299076;25.040413175916605;24.468075225097692
24.527772247456802;25.962016882827278;25.035097143360602;24.475113726355318
24.453985720455048;25.962361387169473;24.991118452658363;24.592534439717117
24.52202395469203;25.956731160068287;25.043119800558223;24.478125084681462
24.526837599216726;25.985531376405408;25.029278472135296;24.45835255224257
24.52327896556525;25.97540659230621;25.03873369121275;24.462580750915787
24.501147272396697;26.049296315896214;25.029803350367203;24.419753061339883
24.5173405828411;25.885412333645537;25.14042343065243;24.456823652860933
24.528109570913795;25.95745641368564;25.035877392252313;24.478556623148247
24.501056481091787;25.969136380930557;25.071499977979627;24.45830715999803
24.50972127123947;26.01881952026604;25.023903079950404;24.447556128544083
24.50867467767823;25.96963627139865;25.054911751900484;24.466777299022638
24.5717602785264;25.979383453116984;24.96169858619213;24.487157682164483
24.47583846419442;26.122087981286256;24.889288492087637;24.51278506243169
24.63150304536598;26.03918319755757;24.86878077967506;24.46053297740139
24.624222458774277;26.03948920057964;24.914182261540404;24.422106079105678
24.546958472875275;26.177720058684173;24.96241763197675;24.312903836463807
24.527981524611615;26.06151591017025;25.001912926131965;24.408589639086173
24.512916483297083;26.00239306096681;25.0371543102515;24.44753614548461
24.502382840557964;26.00112941138096;25.03603311580952;24.460454632251558
24.47079979623721;26.031515039098863;25.01969093248755;24.477994232176382
24.511617570399615;25.967317251519383;25.049388713326298;24.471676464754704
24.477501486650812;25.798021808460426;25.05913743583902;24.665339269049742
24.464403049081728;25.81867682526174;25.092252095889567;24.624668029766966
24.451354306882067;25.913089814182715;25.05494481977885;24.580611059156364
24.51865652838895;25.934188358958227;25.047157155562093;24.499997957090734
24.525002173847202;25.969674261616564;25.045683358230804;24.459640206305426
24.484841995388443;25.947596087133718;25.125768880992936;24.441793036484903
24.521851320478056;25.983902032680234;25.029662462078466;24.46458418476324
24.512721717085572;25.981080336407885;25.04198538383825;24.46421256266829
24.52382012590519;25.987669696480552;25.033744482603154;24.454765695011105
24.540572616311664;26.013290888168356;25.012212273909007;24.43392422161097
24.51993922689262;25.975617995630852;25.038485592373217;24.465957185103314
24.546832464191418;25.96681055830084;25.028391101496645;24.457965876011098
24.480169805982655;26.04054451082166;24.989254507666026;24.49003117552966
24.517873008980366;25.97889545229124;25.036032838554455;24.467198700173935
24.51821510953644;25.973684421435145;25.03708206795198;24.471018401076442
24.515427704652186;25.974931071729074;25.031043196990737;24.478598026628003
24.48319366026585;26.05594278121297;25.01156879957914;24.449294758942035
24.52553759521628;25.95924916032005;25.040127648984278;24.475085595479392
24.52994940876127;25.958856489611073;25.035690044160848;24.47550405746681
24.513221618113864;25.979093310992578;25.04527951408858;24.462405556804974
24.524774327892928;26.012413585259704;25.0043126401608;24.458499446686563
24.540606864902035;25.958181888950875;25.05483506849518;24.446376177651906
24.521653381115076;26.002913409597838;25.020736793666703;24.454696415620383
24.543284716592904;26.039247774604164;24.995140263795566;24.42232724500737
24.5254283520569;25.957951537622243;25.036116948193648;24.480503162127214
24.597058190984175;25.884766406040043;25.12585401851193;24.392321384463852
24.489678962811478;25.925128370418122;25.090685920377;24.4945067463934
24.491308039010427;26.040056268419754;24.99489933217859;24.473736360391225
24.519828762161467;25.981836050157597;25.03471776100512;24.463617426675814
24.5182395081645;25.98757673310701;25.032438683228726;24.461745075499767
24.464037638186113;26.06759084207404;24.986453427206285;24.481918092533565
24.504822560408236;25.98678682170109;25.033603089658296;24.474787528232373
23.985473073001724;26.195292916599122;25.20394369291821;24.615290317480945
24.15587481170839;25.923489487067553;25.787609333967843;24.13302636725621
24.789471740085123;25.449314382574933;26.225718143723142;23.535495733616802
24.813051751121332;25.345220040899957;26.277249587086832;23.564478620891876
24.810489620259787;25.304949834525882;26.273267754130313;23.61129279108402
24.816819920919674;25.405466927945525;25.542127975334584;24.23558517580022
24.811305328907565;25.32359337442975;25.61182693722714;24.25327435943555
24.785185571880003;25.359806273381196;25.571778962373692;24.28322919236511
24.842766219984487;25.34270764478976;25.56602023024755;24.248505904978206
24.784558402365217;25.44335447512204;25.57746122470445;24.194625897808294
24.814208033454666;25.271914782398053;25.584872303216912;24.32900488093037
24.8311778725988;25.293317767073546;25.594046461947567;24.281457898380086
24.817060820873294;25.325509819106056;25.59623518198606;24.26119417803459
24.819985892233806;25.40065396747962;25.560932035506745;24.21842810477983
24.74737139099825;25.251841509680716;25.67885298235969;24.321934116961344
24.761257779766506;25.266484969287717;25.533214009681487;24.439043241264287
24.836362399199405;25.289933964095983;25.538709586408455;24.334994050296157
24.813939339127003;25.31284172099945;25.601428959030482;24.27178998084307
24.887070475779378;25.258570250679096;25.60810799417943;24.246251279362095
24.792490068093834;25.326095457123127;25.60401984298373;24.27739463179931
24.777036290223748;25.37223256201561;25.55769523009626;24.29303591766438
24.80606737351371;25.32174346222773;25.59429400080634;24.27789516345222
24.8011825290864;25.30925042914362;25.581613580011442;24.307953461758537
24.202545614677344;25.97779086486171;25.228396142493587;24.591267377967363
23.338103606686065;26.78453815301139;24.57413401282868;25.303224227473862
24.44851379791993;25.39865441967572;24.586068300647426;25.566763481756922
24.494960135907913;25.321983387764103;24.705161765813312;25.477894710514676
24.516281098404423;25.34522451048815;24.681579372442787;25.45691501866464
24.572892439661317;25.409269936862245;24.23918023378966;25.778657389686778
24.84320363724158;25.696292498460522;22.8979318071459;26.562572057152
24.873290761517858;25.64048614266705;22.89912095094626;26.58710214486883
23.85396125538787;26.048287165496404;23.826856097756963;26.270895481358764
23.644210772149563;26.2827340830397;23.887588410118315;26.185466734692426
23.600262247595477;26.778959727768715;23.262609679959503;26.3581683446763
23.172979389444805;25.896786436694452;24.17943867352428;26.750795500336462
22.944239196268736;25.952143377377755;24.1481081579547;26.95550926839881
22.971876119250755;26.029473504443796;24.041945071027207;26.956705305278238
23.011267100654727;25.601710266145457;24.355827400111842;27.031195233087978
24.55730193237658;25.711029494990495;24.499425979834857;25.232242592798066
24.299236094122026;25.8867728623327;24.43488078542985;25.37911025811542
24.144053017305904;25.971297077161047;24.377586906824845;25.507062998708204
24.22066936458668;25.614890022395354;24.643731264979348;25.52070934803862
24.14298102486279;25.55744457502767;24.608288358188517;25.691286041921018
24.21723920520578;25.545327078618378;24.78026941698466;25.45716429919118
24.185856231310776;25.650031786395424;24.687492642038098;25.476619340255702
24.346889451213237;25.591002494969246;24.633592057740376;25.428515996077138
24.316619344427686;25.58194845722681;24.656623397879546;25.444808800465957
24.301393530616227;25.748734436811617;24.385737531575245;25.564134500996914
24.93563302615475;24.926204725335314;23.40731621803967;26.73084603047026
24.98226344693486;24.982958998035453;24.636767758578852;25.398009796450832
24.92392060779349;25.01241038997069;24.63113671379108;25.432532288444737
24.946039021194085;24.999568939167126;24.635518472132308;25.418873567506477
25.0066837990168;25.00660585383876;24.572529157342473;25.414181189801965
24.92711687915488;25.036149716639144;24.624027381951137;25.412706022254838
24.900691107784443;24.93560621610867;24.731196344441;25.432506331665888
25.008456763799348;24.912607265666132;24.664999149692317;25.41393682084221
24.963741102050747;25.001137995714856;24.59369628856432;25.441424613670076
24.93134603531571;25.042321466824536;24.61945480515885;25.406877692700906
25.037443159627294;24.85911956703677;24.66192183228254;25.441515441053397
25.230792600348266;24.5141815329158;25.216538757793227;25.038487108942707
25.3789413787818;24.91067572892455;24.8789004348456;24.83148245744805
25.35526061541139;24.872778791450145;24.790545952300526;24.981414640837933
25.361699559151635;24.87425626620793;24.795567519582015;24.96847665505842
25.320198175332365;24.87175223861916;24.826315148251933;24.98173443779655
25.254210680802103;24.87768226355215;24.86846383579936;24.999643219846387
25.320398466185672;24.866169104700923;24.841753640701743;24.971678788411666
25.30033448236918;24.8430404724377;24.84520690103399;25.01141814415913
25.25905781912431;24.895177547471757;24.832076290185586;25.013688343218348
25.273826967620543;24.87950655464385;24.83224717930582;25.014419298429786
25.2539357613367;24.83818596414772;24.936394577656927;24.971483696858655
25.289284586893775;24.931684233578032;24.82808449988318;24.950946679645014
25.283367107013866;24.828036542303504;24.855497899334512;25.033098451348117
25.344640983033056;24.850227391988806;24.81418982233439;24.990941802643743
25.358060859318055;24.83081602516211;24.790099840426166;25.02102327509367
25.307943171716097;24.8128033143193;24.822965449148068;25.056288064816535
25.34986073887225;24.77540858689369;24.96988149666299;24.904849177571077
25.272896615487788;24.86329150236858;24.8889888018057;24.97482308033793
25.323566162174966;24.82740932080886;24.804372189890348;25.044652327125828
25.27199900367642;24.90469989751121;24.798516788014258;25.024784310798115
25.28716862266494;24.87108030407859;24.82474083560017;25.017010237656294
25.310994384390455;24.92608602788714;24.77876842178879;24.984151165933607
25.342594778740228;24.86492721092543;24.791854305425943;25.000623704908392
25.271155423645947;24.893923101244823;24.81289432490908;25.022027150200145
25.299761749973733;24.831169949829007;24.84487016171819;25.024198138479072
25.37342854431477;24.877795515743045;24.744937870914104;25.003838069028085
25.30055619260878;24.88017630824146;24.82235244192031;24.99691505722945
25.305375840256627;24.857323073041503;24.822829750040547;25.01447133666132
25.38604871459237;24.879553714817007;24.77138621167021;24.96301135892041
25.415322716420036;24.837336014577698;24.773358892859072;24.97398237614319
25.277303345568207;24.863349838100007;24.802243881877327;25.057102934454452
25.285611422402894;24.8868680175686;24.806875898865314;25.0206446611632
25.418888934716875;24.825238531334932;24.795285715029387;24.960586818918806
25.28545922231611;24.883608735823955;24.803812967045747;25.027119074814188
25.268650122845326;24.88774598679709;24.81688172147905;25.026722168878536
25.284389595723063;24.865375811450384;24.836795045903052;25.013439546923504
25.27275525517786;24.824336484550006;24.790057982583132;25.112850277689002
25.33078974029633;24.840356459812046;24.788139215262152;25.040714584629477
25.175467307728827;24.77290439959442;25.04871454301793;25.002913749658823
25.35517721712639;24.857757096773486;24.792464072366922;24.994601613733202
