24.744669524147533;23.832072947664418;25.344604002293263;26.078653525894786
24.790941803390805;23.757840878756163;25.376377842041205;26.074839475811828
24.758635960766785;23.776757878786416;25.384929334514144;26.07967682593266
24.760186268205047;23.73739295976825;25.403620962346324;26.098799809680383
24.738275852751233;23.714927537537267;25.410064581212904;26.1367320284986
24.7258187635884;23.725229851003363;25.421500105571216;26.12745127983702
24.739437193016286;23.714978674629798;25.42091417718182;26.1246699551721
24.72461017945918;23.700935656855044;25.439221887519064;26.135232276166708
24.73013985744003;23.687253754255828;25.454575124051253;26.128031264252886
24.739187234134043;23.683142262870525;25.45078196855277;26.12688853444266
24.73066515849254;23.680540738473667;25.45802212445707;26.130771978576732
24.7301096232924;23.67743789399654;25.452962190321767;26.13949029238929
24.73719703594055;23.679852249729745;25.448405237821365;26.134545476508336
24.732326384384027;23.688686062096885;25.446490526006365;26.132497027512724
24.728739340297835;23.686330614762525;25.452519654973223;26.132410389966417
24.724600958008956;23.68619032815994;25.45873125506228;26.130477458768826
24.720696013344;23.69409919535651;25.45495256596906;26.13025222533043
24.720782056506952;23.691426308659455;25.45416423175211;26.133627403081483
24.72608464755071;23.6900566609383;25.451653316593042;26.132205374917948
24.72398178533009;23.690444438247336;25.448701537190683;26.136872239231895
24.72833505639055;23.6894551074624;25.44636448265567;26.135845353491383
24.73180054802012;23.686242898843474;25.443640282461246;26.138316270675162
24.72914915584291;23.692245228393773;25.442661160417877;26.135944455345435
24.727893573641232;23.697227613621568;25.44236228773194;26.13251652500526
24.725700318510142;23.699595498257732;25.440749745673617;26.133954437558504
24.728475404546135;23.69838430038623;25.440439271342026;26.13270102372561
24.72708775403369;23.697633545206504;25.444965885593728;26.130312815166075
24.730556181285902;23.69545190323065;25.443991958820973;26.129999956662473
24.727721767794403;23.699413075079754;25.442026836705317;26.13083832042053
24.726279646322762;23.69785650170711;25.44124267857155;26.13462117339857
24.72444114710404;23.695663237577726;25.442428336495;26.13746727882324
24.72222874981781;23.694311344333766;25.4403276168678;26.14313228898062
24.72086093516355;23.69271199880399;25.439846416439487;26.14658064959297
24.723453194725273;23.69215813011513;25.438573961285737;26.14581471387386
24.72616029775604;23.69091957616263;25.438103336574947;26.144816789506383
24.72571250147493;23.68749515086657;25.43872241429591;26.14806993336259
24.724558604613055;23.686589080735203;25.438173943550467;26.15067837110128
24.724492115716;23.68664531051621;25.43855588718526;26.15030668658253
24.723020054979763;23.685017376995482;25.441409680677634;26.15055288734712
24.725424664197945;23.683561316727005;25.440624452466515;26.150389566608535
24.72453724245962;23.6826549950549;25.440176947901577;26.152630814583905
24.722805514852357;23.68564455267334;25.43931502539667;26.15223490707763
24.724559479449702;23.683987474565647;25.438078074766974;26.153374971217673
24.723530522270874;23.683332934896193;25.437571642480577;26.155564900352356
24.723841459883587;23.682270145369735;25.436804023840086;26.157084370906592
24.722830154688957;23.681622802955417;25.436095896172656;26.15945114618297
24.72115172000993;23.681505903485817;25.434866383363275;26.162475993140983
24.720827122032798;23.680427259773232;25.434891445173875;26.163854173020095
24.722765914293106;23.679964127684443;25.434486826420518;26.16278313160194
24.72450499966154;23.67856502226211;25.434386283714034;26.162543694362316
24.723525033131665;23.681230326933346;25.43410560684074;26.16113903309425
24.725499032322386;23.680623244181596;25.433680501412663;26.160197222083355
24.724357741185564;23.682516142983413;25.433530171493697;26.159595944337322
24.723842576639534;23.68107653478793;25.43254325411969;26.162537634452843
24.722367789535944;23.680766704424595;25.433204332984072;26.16366117305539
24.721351979664274;23.680307375471113;25.435293002706956;26.163047642157654
24.720009023882568;23.67998655794224;25.434317692679304;26.165686725495885
24.71913788608364;23.679302532585435;25.43406258993071;26.167496991400213
24.71892680260769;23.679502247696966;25.434721427156877;26.166849522538467
24.71803707773355;23.67941634302263;25.433944738201753;26.168601841042065
24.72085064573309;23.678588013790133;25.432895616603552;26.167665723873224
24.722442351007146;23.67851437987469;25.432674434791956;26.166368834326203
24.721302412513516;23.678825252499657;25.43272857161667;26.167143763370156
24.7197695473691;23.677783977624365;25.43449370127966;26.167952773726878
24.71924934587374;23.6774151468216;25.434439422327255;26.168896084977405
24.718937424587036;23.67960054723731;25.43425433632805;26.1672076918476
24.71796360362232;23.67919826708818;25.43656667605214;26.166271453237368
24.717678174836998;23.67828077504574;25.435917016153002;26.16812403396426
24.7174822501135;23.677595200857876;25.437847672981107;26.16707487604752
24.71695279564201;23.679432342810923;25.43722481444642;26.166390047100645
24.718126097336597;23.6786743111108;25.436912979771748;26.166286611780855
24.719334291941454;23.67901659028417;25.436358541320825;26.165290576453554
24.72081718952989;23.678669691840454;25.43616262864773;26.16435048998193
24.72228169373988;23.678275510250355;25.435864325335167;26.163578470674597
24.721255833896407;23.677644344760978;25.43503203326576;26.16606778807686
24.720853835776747;23.67734240814532;25.436750995196483;26.16505276088145
24.720108224093856;23.677219490445452;25.438669482860426;26.164002802600265
24.71949615647992;23.678046738082774;25.438213593870028;26.164243511567282
24.719354395982837;23.67795124699018;25.438298872671712;26.164395484355268
24.718821540127298;23.679366029223488;25.438234092060707;26.163578338588504
24.719139918226276;23.67908671795186;25.438368463942684;26.16340489987918
24.719213712063432;23.678859859018793;25.438018423383724;26.163908005534054
24.719131064036038;23.678879084438094;25.438319143977406;26.163670707548466
24.719087604066413;23.678905490141464;25.43865620322114;26.163350702570987
24.718827755332786;23.678834900319206;25.439166066307738;26.16317127804027
24.71841574252245;23.6784019506686;25.4390182932774;26.16416401353155
24.71812379517743;23.678199258238607;25.44001866471039;26.16365828187357
24.71793477610081;23.678260815120638;25.440231138880964;26.16357326989759
24.717441458639765;23.6778293998098;25.440592749338474;26.16413639221196
24.717390645774028;23.677908924897995;25.440792609143326;26.16390782018465
24.71758600591472;23.67818107504568;25.440828497499872;26.163404421539727
24.717553653829604;23.67817117754198;25.44098051933093;26.163294649297487
24.71678643948297;23.679168706330085;25.44035485695289;26.16368999723405
24.71653552188159;23.67951199818513;25.440655529465978;26.163296950467302
24.71624610177016;23.67975279482272;25.440529607929683;26.16347149547743
24.71556789925005;23.68164331628168;25.43971294378236;26.163075840685913
24.710740277717115;23.70384924554646;25.431122229111168;26.154288247625257
24.70602556991405;23.7241175492783;25.42346650234541;26.146390378462236
24.701279245643295;23.74390069303497;25.416039517730756;26.13878054359098
24.696418952905226;23.763477345432836;25.408443062166175;26.131660639495763
24.691599644159222;23.785389683290642;25.400232834801802;26.122777837748334
24.68721885172094;23.80475813044701;25.392832656265185;26.115190361566864
24.68253264268714;23.823573211119868;25.38505554055831;26.10883860563468
24.67835465368777;23.842515385198876;25.37787056328981;26.10125939782354
24.67380354658273;23.8627493316978;25.37025334802474;26.09319377369473
24.669911254170746;23.88009433447546;25.36349700880433;26.08649740254947
24.664923148902158;23.899641398514223;25.356193463114487;26.079241989469132
24.66090455030571;23.917425975582194;25.349563429805837;26.072106044306263
24.657212027914312;23.933743083500687;25.343311362571313;26.06573352601369
24.653031278100467;23.95127419016278;25.336192677975877;26.05950185376088
24.649319234301675;23.96780009823404;25.32997762832191;26.05290303914237
24.645735777945813;23.983998592876453;25.32377920076182;26.046486428415918
24.64227665934578;23.99971413324444;25.317677451544373;26.040331755865402
24.639071532292753;24.014502394222642;25.31159892487408;26.034827148610525
24.635726995933872;24.029416924686362;25.305813055951536;26.029043023428233
24.63252151342854;24.04430466456405;25.2999454151783;26.023228406829112
24.62944317537451;24.057478276906476;25.294890055096303;26.018188492622713
24.625767522693888;24.07286739909276;25.288822442521663;26.012542635691695
24.622865116250765;24.08525977771814;25.284260070196286;26.007615035834807
24.619585785445715;24.099284519418624;25.278875358576563;26.0022543365591
24.616323523269745;24.11198582230916;25.274051362080446;25.99763929234065
24.61337956866716;24.125132140412337;25.26899705450132;25.992491236419184
24.610404566351246;24.138432711393953;25.26393479878984;25.987227923464967
24.60747906818282;24.151411568745434;25.259006702334773;25.98210266073697
24.60405049849886;24.162424479238197;25.254824837175622;25.978700185087316
24.60154572568147;24.17289797053603;25.25130794108384;25.97424836269866
24.59857097150879;24.18626475391586;25.246164779995546;25.968999494579805
24.59630914591811;24.19716843485387;25.241454954552257;25.965067464675766
24.593227025422294;24.208958379565473;25.237424998649427;25.960389596362806
24.59033906817308;24.220892428511412;25.233262042697284;25.95550646061822
24.58794638642125;24.231763906348657;25.229083465992712;25.95120624123738
24.58519025310017;24.242554580871417;25.224988146927235;25.94726701910118
24.582660194024573;24.253789488631718;25.220754135665246;25.942796181678464
24.580196649070633;24.26433468641048;25.216761457501065;25.938707207017824
24.577677192276838;24.274138686729515;25.213088715372322;25.93509540562133
24.575446855751647;24.28418408350649;25.209275617677385;25.931093443064483
24.57273899169217;24.29597959900528;25.20487914889526;25.92640226040729
24.570432582950207;24.305997300035443;25.20107360421774;25.922496512796613
24.567936135199545;24.315632591354053;25.197155696892597;25.919275576553808
24.565810757721078;24.325161699167047;25.19355626836085;25.915471274751024
24.563692486791464;24.334645980180962;25.189949669830185;25.911711863197382
24.561048238985087;24.343967950896893;25.18609357428017;25.908890235837852
24.558931355942935;24.353230369756282;25.18265502331553;25.905183250985253
24.556903427326045;24.362438771643138;25.17917243848932;25.901485362541493
24.554857490816683;24.37144139237795;25.175805351543296;25.897895765262074
24.552702170150006;24.380966939623207;25.172435263349126;25.89389562687766
24.550671679277357;24.389233193172306;25.16988534286808;25.890209784682256
24.548834099409113;24.3974588580025;25.16674186894305;25.886965173645336
24.546708134470773;24.40619837374619;25.163715019672907;25.88337847211013
24.54473565558996;24.41485345306107;25.160506676479294;25.879904214869676
24.542819980075166;24.422902167767795;25.157580960701697;25.876696891455346
24.541295093984555;24.431252042540365;25.153937381843573;25.873515481631504
24.5393443451194;24.439739541910104;25.15023121681898;25.87068489615152
24.538226783822363;24.449126496924507;25.145707098919495;25.866939620333635
24.537201690398;24.45722014635449;25.14212227466908;25.863455888578425
24.535676951518308;24.466155917289388;25.138849698211096;25.85931743298121
24.533868711263043;24.47501347768868;25.135560425639635;25.85555738540864
24.532139108659553;24.482442815689712;25.132828754776543;25.85258932087419
24.530316278131618;24.490040537823663;25.130036251248818;25.849606932795904
24.528312945095678;24.497706168191176;25.127192386479862;25.846788500233288
24.526612252868325;24.50484235719678;25.124580631929415;25.843964758005477
24.52501180375786;24.51031561590539;25.12219720309324;25.842475377243506
24.52273095669641;24.5178456965216;25.119191197991135;25.840232148790847
24.520842434033845;24.524443159984635;25.116602474015014;25.838111931966502
24.519280994895528;24.53117724942639;25.114033766151202;25.835507989526878
24.51769911447341;24.538202189354095;25.111447788092867;25.83265090807963
24.516085922862178;24.54432392175006;25.109662745887334;25.829927409500424
24.514488869062212;24.55140251028133;25.10697373591104;25.82713488474542
24.51305071055311;24.557524368951995;25.104714773331978;25.82471014716292
24.511623610176297;24.563873013943795;25.10231779727391;25.822185578605993
24.510239482240593;24.570742196709578;25.099681062299478;25.819337258750352
24.508822830074728;24.57690391533492;25.097364788938208;25.816908465652137
24.50750721942039;24.583341745800073;25.094895302001625;25.814255732777912
24.505886474409998;24.589887964007048;25.092384607853063;25.811840953729888
24.504704026202134;24.59506896019657;25.090457342609874;25.80976967099142
24.50311267162853;24.601908081791173;25.087872704066193;25.80710654251411
24.501846184673436;24.60749225082622;25.085821952789537;25.804839611710804
24.50019829935223;24.614240366160196;25.08333068375831;25.802230650729268
24.498904999754462;24.61993819332654;25.081163606355755;25.799993200563243
24.497670203016682;24.625473119968184;25.079043192230333;25.797813484784804
24.496349950903625;24.63108372080032;25.07699006615266;25.795576262143392
24.495107651610855;24.63686932142685;25.074716863691147;25.793306163271147
24.4940689920442;24.641531756501237;25.073265503259577;25.791133748194984
24.492781921611485;24.647405032688972;25.071038556473635;25.788774489225908
24.491754592045783;24.65280459587243;25.068921285131218;25.78651952695057
24.490483645573114;24.65851716351719;25.066799457108026;25.78419973380167
24.489726676254694;24.66330714627068;25.065350174601157;25.78161600287347
24.488393764831883;24.668100300450803;25.063797162960583;25.77970877175673
24.48699370991135;24.6738432545066;25.061538207004663;25.777624828577384
24.48583196836804;24.678956801112715;25.05962310337364;25.775588127145603
24.484677978871257;24.68401161744401;25.057718471322072;25.77359193236266
24.483236381938347;24.68953728426559;25.055570519781966;25.7716558140141
24.482128639843612;24.69411347501643;25.053862372873187;25.76989551226677
24.478024494676983;24.70395176253825;25.05285476151689;25.765168981267873
24.475167862337692;24.712322699154882;25.054532203610595;25.757977234896828
24.47524628062101;24.71806757698142;25.058004458815518;25.74868168358205
24.47543630856051;24.723469155724835;25.06180639598144;25.73928813973322
24.475598782401935;24.72850522139021;25.065439258341698;25.73045673786616
24.47582159893766;24.73395542636511;25.068810498370397;25.721412476326833
24.475992520258192;24.7389843356933;25.07242678412565;25.712596359922856
24.47606228014198;24.74396640476008;25.07574068809125;25.704230627006687
24.476383933294237;24.74874776590151;25.078968199634744;25.695900101169507
24.476443488816116;24.75454331709359;25.082585991860224;25.68642720223007
24.476825493594873;24.758985666937743;25.08583642767442;25.678352411792964
24.47708167444419;24.763796796048503;25.089322832766193;25.66979869674112
24.477267594210637;24.7687140986112;25.09278412209241;25.661234185085757
24.477472952289325;24.773715817026666;25.09594663689584;25.652864593788173
24.477382503624714;24.778153588196158;25.099638583794576;25.644825324384552
24.47733876616799;24.782582742176558;25.10266872200416;25.63740976965129
24.47762400737242;24.786964938514057;25.105636272505667;25.62977478160786
24.477800078101712;24.791470501129385;25.108870031774323;25.621859388994583
24.47828967839445;24.795573863028274;25.1120409692422;25.614095489335075
24.478373177377918;24.800267986354495;25.115376473913077;25.605982362354506
24.47839988116299;24.80493214524162;25.118364933125708;25.598303040469684
24.478545265745627;24.809220235149944;25.12141885135291;25.59081564775152
24.478691844630028;24.81388067666911;25.124646617661778;25.58278086103908
24.476207942700093;24.821385842262472;25.12700175226013;25.575404462777307
24.468472157198377;24.83315316191709;25.12775687342248;25.570617807462053
24.460991878665588;24.8438922803699;25.12852636808094;25.56658947288357
24.453145080226616;24.855063416113886;25.130058511016017;25.56173299264348
24.446075460810995;24.865246066412073;25.1312777142194;25.55740075855753
24.438639126516147;24.876853098178785;25.13011656913352;25.554391206171545
24.433818375428384;24.88700772982716;25.123333377403217;25.55584051734123
24.42894999997729;24.897064611699577;25.11656076969099;25.557424618632137
24.42030743246991;24.907903131373114;25.113766323344628;25.558023112812343
24.41190335379517;24.918502041161325;25.11120753771387;25.558387067329637
24.403444853097835;24.93083420127633;25.106188166991867;25.55953277863397
24.393991508468666;24.943452745124713;25.099975484437525;25.5625802619691
24.383177269278605;24.95724025004736;25.092961124869817;25.566621355804216
24.37311248338759;24.97039583661029;25.086063035846678;25.57042864415544
24.364662174598877;24.98057951159755;25.081297767437004;25.573460546366565
24.356197994353483;24.990712784486107;25.07660014343947;25.576489077720943
24.347818866403408;25.00095111354041;25.07171637362572;25.579513646430463
24.339536857149707;25.011246327173502;25.06658156753704;25.582635248139756
24.33064791808157;25.02242615732733;25.060939400644372;25.585986523946723
24.3218892828861;25.03312587822062;25.055177931162387;25.589806907730896
24.31363130984456;25.04342641991095;25.050083243661348;25.592859026583138
24.305241088720724;25.054048953976448;25.04473860278857;25.59597135451425
24.297064453788902;25.06470094078943;25.039323275954008;25.598911329467654
24.28981067362191;25.07412427521203;25.034336901409297;25.60172814975676
24.280490960565142;25.0848795800433;25.028163132101334;25.60646632729022
24.270200316912693;25.095158371873573;25.01752939108285;25.617111920130885
24.260775705901228;25.104472316262584;25.008165947529058;25.62658603030713
24.251267061183356;25.113706823583115;24.998871987073432;25.6361541281601
24.241899034407123;25.122871221458134;24.989745194186497;25.64548454994825
24.23250070189002;25.132303792444777;24.98038226633816;25.65481323932704
24.223172865234748;25.141437581044755;24.971233606165146;25.664155947555358
24.214243881041746;25.149879068910185;24.96282073351312;25.673056316534954
24.20455222661901;25.159316151731648;24.953582442690973;25.682549178958368
24.195530007043164;25.168208340365023;24.94462000670343;25.69164164588838
24.186440494523005;25.17716876899;24.93568953004996;25.70070120643704
24.178680349232845;25.184490075659088;24.928001516850514;25.70882805825755
24.168914385559166;25.19282498683485;24.92146541692718;25.716795210678807
24.160060844675563;25.200861880953696;24.91351598400052;25.725561290370223
24.151346248854068;25.208381466319807;24.90549570936299;25.73477657546313
24.14274884208887;25.21597658304917;24.897524667399164;25.743749907462792
24.13385248837121;25.22371969423571;24.889766205090066;25.752661612303008
24.125492509711233;25.230765688409782;24.882564293836236;25.76117750804275
24.116882499620008;25.238228912854403;24.874900348137942;25.769988239387647
24.107766258875078;25.245937082044804;24.867118657845793;25.779178001234328
24.099118308695385;25.253282593302007;24.85951040723486;25.78808869076775
24.091338802703792;25.25988139108493;24.852615702227308;25.79616410398397
24.082171814755927;25.267584826296428;24.8449312072714;25.80531215167624
24.073553485327487;25.275221184118436;24.83753408711642;25.813691243437663
24.065283141207892;25.282093310840807;24.830325605973684;25.822297941977613
24.05780249837788;25.288574324022473;24.823436818209718;25.830186359389927
24.04917904287939;25.296056740991453;24.815740523133343;25.839023692995816
24.042025518818715;25.302035817766104;24.809286278858345;25.846652384556833
24.033284545336837;25.309190293448975;24.801909742354777;25.85561541885941
24.025469151611407;25.315756619408813;24.794782243663164;25.863991985316616
24.017210670733515;25.322788639050653;24.787486595769096;25.872514094446736
24.009661698699674;25.329281385407597;24.780642006212407;25.880414909680322
24.00168350245545;25.33605646268301;24.773497683107976;25.88876235175357
23.994130343130813;25.342760769331434;24.766646830690636;25.896462056847113
23.986317402148906;25.349565622089877;24.759592589967628;25.904524385793586
23.978728969906186;25.356019912071563;24.752795913601354;25.912455204420898
23.971274076452286;25.36225142789635;24.746219180540933;25.92025531511043
23.963766369478225;25.36895471979385;24.73922098103922;25.928057929688702
23.95657543113956;25.375126660554344;24.732743707496468;25.935554200809623
23.94925609194498;25.381493750112732;24.726016051030122;25.943234106912165
23.94246828634436;25.387591250968256;24.71950364016693;25.95043682252045
23.93572259563149;25.393603597542935;24.71322657554193;25.95744723128364
23.927914815655807;25.4001453676756;24.706195357611872;25.965744459056722
23.92091055356725;25.406131550355866;24.699962221316447;25.97299567476044
23.914482752628622;25.411835825769423;24.69405140231799;25.979630019283974
23.90721194962954;25.41803226993553;24.687477021515733;25.987278758919192
23.899741451975913;25.42436668676627;24.680777797740607;25.99511406351721
23.892670644762855;25.430337925560643;24.67458635388419;26.00240507579231
23.885482429857678;25.436304251114127;24.668363976258245;26.009849342769947
23.878757857778695;25.441913028384395;24.66221727843788;26.01711183539903
23.871697131803515;25.447267269255065;24.656758411555245;26.02427718738618
23.864719963402198;25.45339173876282;24.65056071239278;26.0313275854422
